时间戳,压力传感器1,压力传感器2
0.0,39.51973690915845,37.237238158860876
0.02002002002002002,43.271907935996964,40.981738222443994
0.04004004004004004,34.26981377488144,31.9660816454321
0.06006006006006006,42.563600917341965,40.24046855118949
0.08008008008008008,47.89735145030853,45.5490577438245
0.10010010010010009,52.16182481699779,49.782708165702296
0.12012012012012012,41.711530282750815,39.29605096981872
0.14014014014014015,37.138575394040025,34.6813374968091
0.16016016016016016,37.32155405870401,34.81732678655694
0.18018018018018017,33.382626491679716,30.82636487092039
0.20020020020020018,36.089815881755285,33.47668070568221
0.22022022022022023,48.88464283747986,46.210019802765245
0.24024024024024024,36.39345668932678,33.65297464302748
0.2602602602602603,50.66249274130552,47.85204096634898
0.2802802802802803,51.55527196580886,48.67101643659973
0.3003003003003003,53.865557915343835,50.90395645920908
0.3203203203203203,46.27013840375948,43.22795470827717
0.34034034034034033,62.18745691703559,59.06177332785583
0.36036036036036034,52.236669329949926,49.02489838850002
0.38038038038038036,60.44230429672928,57.1421989721775
0.40040040040040037,49.34614388231177,45.95580645732831
0.42042042042042044,37.48717142916927,34.00506100434594
0.44044044044044045,51.69567083941471,48.12060942666766
0.46046046046046046,50.378514683286866,46.70969186414625
0.4804804804804805,57.37428835496496,53.61126448533051
0.5005005005005005,45.26885480706535,41.411562755755114
0.5205205205205206,48.51015449858609,44.55889991280293
0.5405405405405406,56.48738718050595,52.442847277172405
0.5605605605605606,56.02165732005308,51.88487820779395
0.5805805805805806,46.342325653186876,42.11471819554971
0.6006006006006006,49.08190449440349,44.76523873067558
0.6206206206206206,54.402304540891166,49.99870268657571
0.6406406406406406,45.57349983191447,41.085427886545084
0.6606606606606606,52.63055763734217,48.06081563282214
0.6806806806806807,49.21685543658918,44.568566364618
0.7007007007007007,43.393154169370845,38.66975163174381
0.7207207207207207,54.743650290579595,49.948864921196645
0.7407407407407407,44.39564411284392,39.53348882512136
0.7607607607607607,41.79279228254503,36.86754640056815
0.7807807807807807,41.58584963416458,36.602041970333936
0.8008008008008007,59.845923427592425,54.80831437368204
0.8208208208208209,40.7766722484381,35.69023495088577
0.8408408408408409,41.67214230081148,36.54204299468235
0.8608608608608609,36.14825820272444,30.97983578211607
0.8808808808808809,42.00317872005184,36.80192362572859
0.9009009009009009,15.503721583984529,10.275254091728904
0.9209209209209209,49.10753197578685,43.857579971325336
0.9409409409409409,40.92548006911972,35.659856397510985
0.960960960960961,51.856080810209704,46.58066028926568
0.980980980980981,31.288982157008572,26.00967834564779
1.001001001001001,44.90725855467527,39.63000036807647
1.021021021021021,31.762065514017014,26.492773778047354
1.0410410410410411,33.82381646439382,28.568380502025793
1.0610610610610611,20.71402547463792,15.47827981694272
1.0810810810810811,46.874023465527046,41.663724779339574
1.1011011011011012,41.90850981448253,36.72931413797626
1.1211211211211212,26.926336081171755,21.78377645736413
1.1411411411411412,34.6833894908585,29.582854087493992
1.1611611611611612,41.36008904529096,36.30679984762551
1.1811811811811812,37.73931672514745,32.738308885892444
1.2012012012012012,33.77853731127746,28.83463923936288
1.2212212212212212,54.403983622162244,49.5217978890568
1.2412412412412412,39.51370513542372,34.6975902745169
1.2612612612612613,26.834722190672004,22.088775461691437
1.2812812812812813,15.518533057960646,10.846574244581873
1.3013013013013013,22.320565725981268,17.726122030701468
1.3213213213213213,29.165740860195314,24.652032956203325
1.3413413413413413,30.005870763219338,25.57580005841914
1.3613613613613613,7.045703398237691,2.70184056178903
1.3813813813813813,28.121286405207872,23.865861201955216
1.4014014014014013,7.870925384900293,3.705817857889332
1.4214214214214214,13.16361050297788,9.090343538927803
1.4414414414414414,29.61317936921905,25.632912676350035
1.4614614614614614,16.20956567011571,12.323091192145998
1.4814814814814814,15.743886194426562,11.951624978874214
1.5015015015015014,35.26590201688008,31.567902550053507
1.5215215215215214,21.484733816414003,17.880671831675507
1.5415415415415414,24.705616525206146,21.194796285266655
1.5615615615615615,34.8099382843843,31.391295332558563
1.5815815815815815,22.55718940238429,19.229294771926778
1.6016016016016015,20.021997498045483,16.7830633629215
1.6216216216216217,20.852832885069542,17.700719629815797
1.6416416416416417,24.10050530032983,21.03272998104712
1.6616616616616617,33.88484872529669,30.8985948883162
1.6816816816816818,41.31510985323116,38.40723867262691
1.7017017017017018,34.74188999064461,31.908952680549486
1.7217217217217218,22.77429853740809,20.012549990049504
1.7417417417417418,32.07705660537647,29.38247020090086
1.7617617617617618,31.73887251131528,29.107156040836784
1.7817817817817818,28.3703314532407,25.796944092147182
1.8018018018018018,39.72784840788205,37.20801867227847
1.8218218218218218,23.995637072147385,21.524381687428704
1.8418418418418419,17.036169160479748,14.608312767418678
1.8618618618618619,39.84963235333322,37.4598279737561
1.8818818818818819,24.41628433916128,22.05903452028175
1.901901901901902,36.64866424216945,34.318342795965776
1.921921921921922,15.799783398283097,13.49065764995196
1.941941941941942,27.150903767776192,24.85715722528265
1.961961961961962,41.778394213067926,39.49414956814602
1.981981981981982,36.8339891196816,34.553331489329494
2.002002002002002,23.256149256058126,20.973149572620425
2.022022022022022,48.28625228710965,45.99499074445219
2.042042042042042,52.763074067657634,50.4576635307181
2.062062062062062,39.202078249343245,36.876687534485804
2.0820820820820822,39.90728251020925,37.5561594443223
2.1021021021021022,38.35418973241583,35.971683899566955
2.1221221221221223,31.693038962599207,29.27362404829694
2.1421421421421423,49.05539037217553,46.593686016878706
2.1621621621621623,56.42100247858687,53.91179555404307
2.1821821821821823,52.260904379370494,49.699169603647505
2.2022022022022023,48.01711636846461,45.39803617815385
2.2222222222222223,44.7309308305838,42.04991443159217
2.2422422422422423,61.94676016490032,59.1994616864951
2.2622622622622623,37.28499845601894,34.46733413633673
2.2822822822822824,56.90702824663769,54.015192581698
2.3023023023023024,60.538379570088054,57.568860362451346
2.3223223223223224,57.83848110374723,54.788073351308185
2.3423423423423424,39.343201262402594,36.209019832396194
2.3623623623623624,50.256496761539125,47.03598779964089
2.3823823823823824,63.00337648453638,59.69432751394006
2.4024024024024024,46.921520904437905,43.522069574974346
2.4224224224224224,55.31835144432905,51.826992897028454
2.4424424424424425,64.84488069447401,61.260473512448634
2.4624624624624625,52.9740318592572,49.29580258137225
2.4824824824824825,51.23212214275175,47.459668322235245
2.5025025025025025,46.348777922384535,42.48206971828113
2.5225225225225225,47.334839219720216,43.37421951489564
2.5425425425425425,53.90675710678114,49.85294015201059
2.5625625625625625,50.320452602310674,46.17452119181305
2.5825825825825826,42.6329549270073,38.39635611659454
2.6026026026026026,44.94072686638394,40.61526625115769
2.6226226226226226,56.46857660082544,52.05641117504965
2.6426426426426426,55.429230691792824,50.93286031917752
2.6626626626626626,47.133136481042875,42.5553940091695
2.6826826826826826,63.923598963977504,59.26763902195748
2.7027027027027026,64.35178480863583,59.621071332301824
2.7227227227227226,58.50556805840139,53.70386059236188
2.7427427427427427,43.322515270754174,38.453854101479294
2.7627627627627627,38.382480737019016,33.451170915747944
2.7827827827827827,46.925381399455055,41.93597571810566
2.8028028028028027,51.84322872546778,46.80050971286918
2.8228228228228227,45.44524378167611,40.35420479131913
2.8428428428428427,32.3214114832918,27.18723694738488
2.8628628628628627,40.3484477366846,35.17649266459928
2.8828828828828827,46.811007124902474,41.60677592708078
2.9029029029029028,39.957749330044294,34.72687405110776
2.9229229229229228,47.813211317791236,42.5614293649275
2.942942942942943,43.941727270284034,38.67485872498293
2.962962962962963,26.23216966695568,20.95609426981431
2.982982982982983,44.266356271663724,38.98699017127282
3.003003003003003,27.969665281012876,22.69293763886977
3.023023023023023,39.35085206817763,34.08268161214035
3.043043043043043,29.103104919587608,23.849376538588267
3.063063063063063,42.596993364017344,37.36353483658973
3.083083083083083,46.67499033638063,41.4675492850277
3.103103103103103,35.56051619196355,30.38473735449762
3.123123123123123,37.05469982586466,31.916102733599477
3.143143143143143,35.01567939817807,29.919636549243172
3.163163163163163,42.81172674720188,37.76344236129163
3.183183183183183,36.97758093513636,31.982070373706936
3.203203203203203,34.48006994561707,29.542139878913016
3.2232232232232234,19.78425138187681,14.908480781215607
3.2432432432432434,33.42970595409255,28.620427984572196
3.2632632632632634,22.078441754881656,17.339726640115536
3.2832832832832834,31.387705357707908,26.723344284347434
3.3033033033033035,37.652464416275656,33.06595454196933
3.3233233233233235,44.26851554664094,39.76304617071513
3.3433433433433435,20.720265536170356,16.29870548771898
3.3633633633633635,19.091864334856446,14.756750628112714
3.3833833833833835,23.113434060152027,18.866961862004008
3.4034034034034035,15.484287075350384,11.328301024673198
3.4234234234234235,25.6407058502101,21.57669276334209
3.4434434434434436,28.723583584209933,24.752666575418488
3.4634634634634636,20.284263607969116,16.40719764815655
3.4834834834834836,21.852670300340428,18.069839231552702
3.5035035035035036,13.38415178961071,9.695566807154991
3.5235235235235236,16.395170934082415,12.800470542255855
3.5435435435435436,18.307375069231714,14.80582651083647
3.5635635635635636,9.19325559915865,5.783757753150301
3.5835835835835836,14.775211760121993,11.456299495932656
3.6036036036036037,33.32732885825855,30.097178829575846
3.6236236236236237,15.308452810784681,12.164890665875314
3.6436436436436437,32.25421347648078,29.194722456545904
3.6636636636636637,38.023270321455584,35.045001213016285
3.6836836836836837,20.074281215545422,17.174063617502036
3.7037037037037037,32.303878950889825,29.478233811700278
3.7237237237237237,33.06868974457961,30.313843119979033
3.7437437437437437,16.559633171353624,13.87153114821122
3.7637637637637638,20.401724459791218,17.776049187088674
3.7837837837837838,28.602235327371613,26.03442209090956
3.803803803803804,31.560432865085954,29.045688138397402
3.823823823823824,36.36853961316127,33.90186001325066
3.843843843843844,41.41631512261078,38.992507195559284
3.863863863863864,25.748975925505416,23.362676683701253
3.883883883883884,51.49064413185674,49.13634226163734
3.903903903903904,24.866756106494186,22.53881376233556
3.923923923923924,42.40342646043396,40.096101559503474
3.943943943943944,31.20922103596919,28.91668996487901
3.963963963963964,32.10350471199376,29.819885355962555
3.983983983983984,35.34852807440368,33.067903077758785
4.004004004004004,30.68613358167844,28.402573747716232
4.024024024024024,50.65382155128618,48.36140928895722
4.044044044044044,31.615784270964692,29.30863699566486
4.064064064064064,36.122697130016526,33.79499052594714
4.084084084084084,56.956062963908295,54.60205401601538
4.104104104104104,38.06270512066197,35.67675482507616
4.124124124124124,47.14692319326271,44.723518856432655
4.1441441441441444,45.98155493719781,43.515331975536206
4.1641641641641645,47.02965449767142,44.515417651508365
4.1841841841841845,60.84666032043084,58.27940419838494
4.2042042042042045,51.65684182410249,49.03177069662815
4.2242242242242245,47.30598980324401,44.61853656708251
4.2442442442442445,46.91972003464352,44.165564273183804
4.2642642642642645,55.515286943045936,52.69037201117658
4.2842842842842845,52.17382817536252,49.27437724125361
4.3043043043043046,53.025678345843865,50.048209326222604
4.324324324324325,47.92068465016596,44.86202398002508
4.344344344344345,58.03234578020714,54.88964096249473
4.364364364364365,51.45692382351467,48.22765470917823
4.384384384384385,56.70566195481882,53.387650708597306
4.404404404404405,58.38041884512238,54.97183855767697
4.424424424424425,60.610976583314894,57.1103584956424
4.444444444444445,52.63184178951371,49.03808110107396
4.464464464464465,54.87426964414369,51.18662988173305
4.484484484484485,50.41805934414011,46.636175274234596
4.504504504504505,50.1529719927514,46.27685106580271
4.524524524524525,62.704172734401965,58.73419505537514
4.544544544544545,39.96771361786067,35.904630443129676
4.564564564564565,58.64061566392991,54.485546430475296
4.584584584584585,60.60161148521387,56.35603938387026
4.604604604604605,36.54968412563385,32.21545023589261
4.624624624624625,63.7930675966246,59.37236360618545
4.644644644644645,35.02802366595189,30.52338320381329
4.664664664664665,46.35696426292032,41.771252880281814
4.684684684684685,48.09993270616736,43.43633654476355
4.704704704704705,48.44087053992728,43.70288373260404
4.724724724724725,49.246582809730235,44.4379936630869
4.744744744744745,49.93702293158063,45.06189894531806
4.764764764764765,52.70295735957955,47.765629141794385
4.784784784784785,33.466372094383054,28.47141623641403
4.804804804804805,39.46958665399121,34.42180763253827
4.824824824824825,50.422415597152586,45.326826775235716
4.844844844844845,36.585516719195596,31.447320521084073
4.864864864864865,42.37551494097193,37.200082279481215
4.884884884884885,39.56483371448592,34.357682751995746
4.904904904904905,41.720342463609455,36.487116790791546
4.924924924924925,41.677082316628514,36.42352863517497
4.944944944944945,56.32884891127447,51.060794308879245
4.964964964964965,43.723590610599665,38.44691951805796
4.984984984984985,37.94151282244425,32.66214374399179
5.005005005005005,39.788129482573105,34.511991591483785
5.025025025025025,28.35446316590859,23.087472857902057
5.045045045045045,23.835179380604416,18.58321687778176
5.065065065065065,40.4611806624715,35.23006676029751
5.085085085085085,49.72189267830041,44.51736572758532
5.105105105105105,27.143846880430008,21.971540095334017
5.125125125125125,37.61855427902636,32.483973460821446
5.145145145145145,37.157152584365825,32.065654349044706
5.165165165165165,33.020507087740995,27.977277683571305
5.185185185185185,20.1576625490412,15.16769734782941
5.205205205205205,37.09008449922131,32.15816824238732
5.225225225225225,14.949577168839536,10.080265046417566
5.245245245245245,30.95391578741681,26.15151542480479
5.265265265265265,16.69575312518166,11.964307548871432
5.285285285285285,9.310876271267965,4.654147920917453
5.305305305305305,27.17572147119406,22.597177321264773
5.325325325325325,31.39157192294546,26.89436977274101
5.345345345345345,36.1927974719453,31.779773458266217
5.365365365365365,18.60487253581888,14.27852991761427
5.385385385385385,16.8394997160393,12.601998975405799
5.405405405405405,19.02534046960513,14.878490768278267
5.425425425425425,26.985755140005796,22.93100716512852
5.445445445445445,21.442226060209663,17.480666287669138
5.465465465465465,20.05458162162117,16.186928019639122
5.485485485485485,29.67798179708403,25.904580987050537
5.505505505505505,31.231900022030608,27.55272590780875
5.525525525525525,17.912720350566378,14.327374221687954
5.545545545545545,22.788080572513014,19.295792680857367
5.565565565565565,18.30339702896802,14.903029632689007
5.585585585585585,34.40100133826054,31.091053200924627
5.605605605605605,29.610535356020183,26.389147683164065
5.625625625625625,23.02822698250447,19.89319077213647
5.645645645645645,36.22206897739854,33.17083375537651
5.665665665665665,25.891195498504025,22.920879404246307
5.685685685685685,30.021835587887324,27.129236770533304
5.7057057057057055,22.708556840524782,19.89016612047951
5.7257257257257255,23.865041079832928,21.117055825626565
5.7457457457457455,34.202153711222735,31.520492876809325
5.7657657657657655,32.98815366662271,30.368473929654293
5.7857857857857855,24.19070520004718,21.62841813730523
5.8058058058058055,32.31825131560747,29.808541547672302
5.8258258258258255,25.133906759642112,22.671750993048285
5.8458458458458455,46.12656661044142,43.70675350201789
5.865865865865866,34.81273491353363,32.42988567837616
5.885885885885886,31.894870267646763,29.54345994922959
5.905905905905906,35.38733102429068,33.061710342605885
5.925925925925926,48.825638920838834,46.52005661216607
5.945945945945946,26.285777831662195,23.994403391627586
5.965965965965966,50.62762610215334,48.34457284214109
5.985985985985986,46.05250876229389,43.77185708803549
6.006006006006006,42.49100606033677,40.20682688062378
6.026026026026026,36.097936543861486,33.80431471681346
6.046046046046046,46.10622797820712,43.79728570237768
6.066066066066066,41.77987481765846,39.44979487548064
6.086086086086086,39.29363562648767,36.936684388143654
6.106106106106106,44.55812160430773,42.16867170105534
6.126126126126126,48.86138052152824,46.43393309882382
6.146146146146146,43.72076663617621,41.24997309859513
6.166166166166166,43.44284649976423,40.92352966172986
6.186186186186186,31.720711897649934,29.14788645633176
6.206206206206206,48.095018571691035,45.463910821112904
6.226226226226226,46.93138196554466,44.23744867394478
6.246246246246246,63.59186428357657,60.83081065936983
6.266266266266266,64.56437716231473,61.73217383761184
6.286286286286286,48.131258177743575,45.22415714226673
6.306306306306306,58.60858884699715,55.62313826938232
6.326326326326326,53.08562708483632,50.018684962712165
6.346346346346346,55.543829787591314,52.39257637245628
6.366366366366366,59.49774229873276,56.25969124649677
6.386386386386386,52.167606008862684,48.84061421195931
6.406406406406406,47.71338213558798,44.29565819777647
6.426426426426427,46.41363905065437,42.90375037099836
6.446446446446447,49.01384962080506,45.41072805881497
6.466466466466467,50.94818248230794,47.251128581844206
6.486486486486487,43.61683623841174,39.82552199364604
6.506506506506507,63.57340850026336,59.68787865275975
6.526526526526527,51.85434788965713,47.875019751443986
6.546546546546547,52.96144548849618,48.889107291828545
6.566566566566567,50.42577270284083,46.261580483178896
6.586586586586587,64.77788056695809,60.52335359148804
6.606606606606607,52.2735609605283,47.93057572030303
6.626626626626627,60.26896047449152,55.83974326394909
6.646646646646647,48.44332096721013,43.93043908041375
6.666666666666667,55.854540293043705,51.26089187145741
6.686686686686687,50.935553598151486,46.264356170097656
6.706706706706707,44.899089799339244,40.15386755645829
6.726726726726727,35.69169261089853,30.876262471925234
6.746746746746747,43.643507770652775,38.76196428761918
6.766766766766767,65.57370576899953,60.63040493555225
6.786786786786787,27.26673152694952,22.266273552810297
6.806806806806807,49.305148195887796,44.25235931557499
6.826826826826827,50.04063275133421,44.940546139081526
6.846846846846847,56.540594738673036,51.39843060501643
6.866866866866867,41.45583890831121,36.27698385705091
6.886886886886887,39.69241963842772,34.48240536559722
6.906906906906907,51.18007195040749,45.94455336948311
6.926926926926927,45.360339243168276,40.10507212302224
6.946946946946947,42.69814617361379,37.42896437763993
6.966966966966967,43.122544497505416,37.8453369139245
6.986986986986987,27.21690964776732,21.937596902339617
7.007007007007007,46.656110717417874,41.38062176065142
7.027027027027027,39.90257548886474,34.63682415030379
7.047047047047047,29.70255290006446,24.45241450237296
7.067067067067067,21.908178247632076,16.679466372950543
7.087087087087087,46.35430648597988,41.15274998643179
7.107107107107107,31.35828090773804,26.189501250996408
7.127127127127127,27.540680352245253,22.410169391745264
7.147147147147147,31.354351270979343,26.26744952868333
7.167167167167167,49.289009468160074,44.25088501575459
7.187187187187187,25.876367325966562,20.891995348004656
7.207207207207207,30.388628239889275,25.46277135969445
7.227227227227227,25.003180830913944,20.140370277045875
7.247247247247247,18.385313235279543,13.589830923037777
7.267267267267267,28.170010905766905,23.44587250459027
7.287287287287287,25.521619595193936,20.872558648914683
7.307307307307307,32.43314655595554,27.862599718703816
7.327327327327327,22.94417163693256,18.45526508307501
7.347347347347347,38.18066239815783,33.77619946001152
7.367367367367367,22.172421754368845,17.854871836576436
7.387387387387387,19.51644195596653,15.287930770370274
7.407407407407407,8.545716685933723,4.408017845563855
7.4274274274274275,23.241043862288734,19.19557186770747
7.4474474474474475,23.572225649758447,19.620030295494605
7.4674674674674675,22.061046358701898,18.202808581895678
7.4874874874874875,25.210877727264194,21.446906914938385
7.5075075075075075,15.525942285205412,11.85617505081129
7.5275275275275275,30.268881344681954,26.692881778757908
7.5475475475475475,27.680495372960234,24.19745676691198
7.5675675675675675,33.775417230595565,30.384165266781302
7.587587587587588,27.480123469679977,24.179120865185475
7.607607607607608,10.944675293372995,7.732027879113055
7.627627627627628,26.98134456896443,23.85480878007127
7.647647647647648,26.206803708494725,23.163795456372934
7.667667667667668,15.379667381494844,12.417272272458831
7.687687687687688,22.955209375940836,20.070194236025777
7.707707707707708,21.22169313963482,18.410518800006816
7.727727727727728,30.424498898046565,27.68333419045285
7.747747747747748,27.991857457160577,25.316594364075485
7.767767767767768,28.449986953629857,25.836256853186153
7.787787787787788,25.427381826169068,22.870572767634954
7.807807807807808,39.9793487150773,37.47462365656412
7.827827827827828,32.57010772371001,30.1124236599907
7.847847847847848,38.15790349277086,35.74203139756915
7.867867867867868,33.89461536979547,31.515160873685204
7.887887887887888,29.282224565709978,26.933649287854923
7.907907907907908,33.95008386276682,31.626727312145707
7.927927927927928,37.00176418011883,34.69786613962849
7.947947947947948,41.762441296109735,39.47216460102957
7.967967967967968,41.497172176981564,39.214625797723215
7.987987987987988,30.915269417926194,28.63453175578884
8.008008008008009,45.189826113941805,42.904968417751384
8.028028028028029,56.37414972352138,54.07925953455386
8.048048048048049,29.751134548503867,27.440339080980937
8.068068068068069,58.51265862293764,56.18014798763786
8.088088088088089,62.65343133299572,60.29348151214468
8.108108108108109,45.504994383105895,43.11198986569246
8.128128128128129,48.713734532002675,46.28219052001109
8.148148148148149,53.64794200972388,51.172526107468485
8.168168168168169,38.02522032590132,35.50077362669461
8.188188188188189,51.367070372066664,48.788627858834424
8.208208208208209,54.890643709885815,52.25345388905654
8.228228228228229,58.65697724226516,55.95652093329226
8.248248248248249,46.35516071649444,43.58716892270937
8.268268268268269,53.58055878142069,50.741029571547486
8.288288288288289,43.5379595367228,40.623173870297144
8.308308308308309,42.00742589209423,39.01396232620619
8.328328328328329,62.163322018456476,59.08807023765997
8.348348348348349,54.10231551639687,50.94248863228253
8.368368368368369,67.08106934093547,63.834214912728875
8.388388388388389,43.06245909496203,39.72646882756704
8.408408408408409,63.42901113823925,60.00212921937606
8.428428428428429,56.09110540735416,52.5719354508232
8.448448448448449,52.72172567576608,49.109236243381126
8.468468468468469,54.76457039375211,51.05809907410634
8.488488488488489,64.8079738509969,61.007229878932684
8.508508508508509,56.24686291747322,52.35192832389714
8.528528528528529,55.920271806419905,51.93160109391591
8.548548548548549,50.53636713519593,46.454785480719714
8.568568568568569,58.369181526877334,54.19588151863904
8.588588588588589,60.68846822219501,56.42500514363419
8.608608608608609,58.453974407437094,54.10226008693911
8.62862862862863,66.74626433318367,62.30855958385859
8.64864864864865,51.28222699308824,46.761132672508666
8.66866866866867,51.655994033450824,47.05444075870242
8.68868868868869,44.30649249100526,39.62772904972125
8.70870870870871,42.81999232780401,38.06757283101164
8.72872872872873,49.37252098590701,44.55029081348924
8.74874874874875,53.76696354917632,48.87904414352672
8.76876876876877,54.94252740331429,49.993299971317825
8.78878878878879,62.868512990436834,57.8626011782261
8.80880880880881,58.03346109565524,52.9757127046539
8.82882882882883,49.49872510646561,44.39419292302198
8.84884884884885,41.934410009368776,36.78833182378771
8.86886886886887,52.84770309135463,47.66548098534129
8.88888888888889,37.849324066444275,32.6365030508666
8.90890890890891,35.1973046886797,29.95955077612521
8.92892892892893,42.81223663069611,37.55531442953405
8.94894894894895,42.33491002515327,37.06465994370513
8.96896896896897,57.55695469521461,52.27926984617781
8.98898898898899,42.56875442416224,37.2895573206173
9.00900900900901,45.33258009860067,40.05779923375609
9.02902902902903,40.552341669265275,35.28788807255441
9.04904904904905,46.54236054900187,41.294104411239275
9.06906906906907,27.848631206608292,22.62237866664022
9.08908908908909,23.429476285925748,18.230946470570622
9.10910910910911,39.57740209469278,34.412204502766016
9.12912912912913,12.1755642435882,7.04917656344495
9.14914914914915,42.03520885251882,36.95295530083405
9.16916916916917,26.29945433698741,21.266484604431326
9.18918918918919,19.142636174807652,14.16390506187471
9.20920920920921,28.998664973768864,24.078912797289345
9.22922922922923,27.412112740020568,22.555846587836143
9.24924924924925,13.736034689178123,8.947510597108678
9.26926926926927,31.121534221447238,26.404740343029314
9.28928928928929,6.035624608640071,1.3942654441910856
9.30930930930931,24.589002048127195,20.026483795500955
9.32932932932933,33.241022153058864,28.76043923802185
9.34934934934935,27.095279109902016,22.699401949395373
9.36936936936937,21.930789823682815,17.622053870359643
9.38938938938939,19.732151082348214,15.512647193708808
9.40940940940941,31.506921203553656,27.378387373763527
9.42942942942943,23.342082391540973,19.305896878627678
9.44944944944945,39.4858853641766,35.54306123978352
9.46946946946947,22.049324235431218,18.20050537868094
9.48948948948949,24.564629304140045,20.810087855449538
9.50950950950951,28.727660282510335,25.06729556742646
9.52952952952953,19.859259552920243,16.29259848023142
9.54954954954955,28.940950044107264,25.467148976656855
9.56956956956957,35.52652279497039,32.14437088577385
9.58958958958959,20.369647037405915,17.07757101787916
9.60960960960961,32.49311831134219,29.289188712706444
9.62962962962963,19.379094317504833,16.261033100765747
9.64964964964965,30.143229034472434,27.108418598801045
9.66966966966967,31.331106926978688,28.376600460871213
9.68968968968969,21.120959369316534,18.24349250359978
9.70970970970971,38.870152177957934,36.06615589455923
9.72972972972973,31.747469693642643,29.013084439077197
9.74974974974975,31.12524817601223,28.456339123777003
9.76976976976977,16.801655901121734,14.193829302641388
9.78978978978979,24.64174935748845,22.09036991695453
9.80980980980981,28.95599667052273,26.456205874918233
9.82982982982983,48.31366484465004,45.86040017647424
9.84984984984985,29.804185211851156,27.39220016856906
9.86986986986987,25.56475052065855,23.18863536170911
9.88988988988989,42.5385646180907,40.19276775741095
9.90990990990991,27.87260687020166,25.551456829671086
9.92992992992993,15.291155292691622,12.988883129683197
9.94994994994995,44.27858131390762,41.9893434342569
9.96996996996997,38.9468851320748,36.66478639825444
9.98998998998999,34.900581254791426,32.61969829791113
10.01001001001001,31.882617254312308,29.597021897758154
10.03003003003003,53.758933184086565,51.46271588617221
10.05005005005005,43.7500070420938,41.4373002650209
10.07007007007007,58.348093035622945,56.01309444833948
10.09009009009009,42.043466396744186,39.68046181994622
10.11011011011011,50.97909490098152,48.582480903523766
10.13013013013013,45.397324540026304,42.96163059738504
10.15015015015015,45.59140142123286,43.111311548396934
10.17017017017017,43.5572018285559,41.027575601799576
10.19019019019019,35.45300022770558,32.86889311211406
10.21021021021021,53.591742850356624,50.94842575271953
10.23023023023023,41.844818219071286,39.137796188824105
10.25025025025025,50.29367222953783,47.51870223379883
10.27027027027027,42.95809635137628,40.11120405378864
10.29029029029029,56.37891816207008,53.45641363909844
10.31031031031031,51.55103089374965,48.54952322628145
10.33033033033033,57.750006584449416,54.666417266999716
10.35035035035035,44.00563063001546,40.83720574450899
10.37037037037037,48.84943088480818,45.59375199079824
10.39039039039039,60.66218698765791,57.31718068591729
10.41041041041041,47.03117870430332,43.59512483596847
10.43043043043043,48.91640157350471,45.38794002235018
10.45045045045045,42.28145287232791,38.65958894327182
10.47047047047047,57.05697609882494,53.34108445139646
10.49049049049049,66.36385836707389,62.553685488288025
10.51051051051051,52.723896990641016,48.81956219750186
10.53053053053053,47.087240933593854,43.08923590126204
10.55055055055055,44.30410438229458,40.213291199784656
10.57057057057057,50.4948953523565,46.31250311345291
10.59059059059059,75.45734735885435,71.18496730172708
10.61061061061061,63.50517585189347,59.14475506663346
10.63063063063063,49.611546275743066,45.16538000470062
10.65065065065065,55.65002735783347,51.12074991920749
10.67067067067067,30.22342730996914,25.614001680539438
10.69069069069069,48.30409759225516,43.61780369045236
10.71071071071071,50.86195459506059,46.102376310707484
10.73073073073073,59.63202672934072,54.80303775135537
10.75075075075075,52.23926403560288,47.34501253370697
10.77077077077077,53.07641565503468,48.12130787604257
10.79079079079079,58.76287632647313,53.75155917002898
10.81081081081081,50.59357033068212,45.530912973348684
10.83083083083083,50.02317383937325,44.91424847973857
10.85085085085085,47.117975073705416,41.96803687465005
10.87087087087087,41.97653050131411,36.79099680875607
10.89089089089089,50.778334757080856,45.56276367737652
10.91091091091091,42.732803798951004,37.49287221966653
10.93093093093093,55.04297244667803,49.78445358764704
10.95095095095095,41.394155727263865,36.12289631070434
10.97097097097097,41.85616698002109,36.57806410999112
10.99099099099099,22.789606299888614,17.510584142509916
11.01101101101101,41.99310633282359,36.719092689489614
11.03103103103103,40.50391632951231,35.24081919572076
11.05105105105105,44.20040149589797,38.95408569840476
11.07107107107107,33.94711727407117,28.723381278752733
11.09109109109109,31.102397748161735,25.906950730297886
11.11111111111111,27.66235531688129,22.500794584532837
11.13113113113113,47.37027577341948,42.24806463317867
11.15115115115115,26.336425390140548,21.258871542783012
11.17117117117117,20.905388603060015,15.877623154531419
11.19119119119119,34.88956757431166,29.916524745049017
11.21121121121121,36.791343795959506,31.877741408785454
11.23123123123123,21.939393407973906,17.08971423172359
11.25125125125125,33.60772002609785,28.826194048753962
11.27127127127127,37.701118526317714,32.99170622775365
11.29129129129129,29.25862433421723,24.62500102469533
11.31131131131131,40.388096489924294,35.833637776281826
11.33133133133133,40.88279258022376,36.410561017219685
11.35135135135135,30.864772117510185,26.477505097119376
11.37137137137137,35.319268355835305,31.019367282381204
11.391391391391391,34.336659965916255,30.126180759848392
11.411411411411411,22.253126314687222,18.13377128255593
11.431431431431431,15.261223900512645,11.234335003290555
11.451451451451451,19.938869483083952,16.005423029454555
11.471471471471471,34.23980841052413,30.400411196122263
11.491491491491491,21.577704775953848,17.832591683825484
11.511511511511511,20.07090041526704,16.419933487037067
11.531531531531531,25.183807697821237,21.626476679242323
11.551551551551551,13.94470141206382,10.480125770789043
11.571571571571571,20.359221823911046,16.986154231511012
11.591591591591591,33.8735219036119,30.59035316806704
11.611611611611611,21.111593716288535,17.91635914545122
11.631631631631631,24.084249473552198,20.97463664441469
11.651651651651651,25.81102135643559,22.78437925948078
11.671671671671671,42.10497620358937,39.15832572606336
11.691691691691691,29.894735341500052,27.024781048151112
11.711711711711711,26.468740581688493,23.671883746386115
11.731731731731731,29.3117971722708,26.584150008971957
11.751751751751751,42.77782444714539,40.1152254839325
11.771771771771771,27.849275835582176,25.247306370976872
11.791791791791791,43.90093217413531,41.35493375061258
11.811811811811811,38.11437509218392,35.619467917788356
11.831831831831831,23.450164286373838,21.001266531590918
11.851851851851851,48.511070645408005,46.10291853898179
11.871871871871871,25.62607483480166,23.253243479031294
11.891891891891891,37.25154215057812,34.908466973779994
11.911911911911911,25.5106894624693,23.191688223772385
11.931931931931931,27.606727708255594,25.306022967713165
11.951951951951951,37.59437465890537,35.3061166240663
11.971971971971971,25.942684100324648,23.660973758918708
11.991991991991991,41.59238783971295,39.31130028697321
12.012012012012011,31.88945892654533,29.60306679492104
12.032032032032031,33.61669742010942,31.31909431871781
12.052052052052051,48.24879918522506,45.93412305635209
12.072072072072071,32.401805802825145,30.064262103113105
12.092092092092091,38.9443160108547,36.578200625508
12.112112112112111,53.368738571586725,50.96846037098288
12.132132132132131,45.543969105061265,43.10407205456812
12.152152152152151,43.623410342686725,41.13859507825397
12.172172172172171,45.305951289867004,42.77109607407238
12.192192192192191,48.43927301904106,45.84945399472175
12.212212212212211,46.66762658490085,44.01813724627816
12.232232232232231,54.22190779965256,51.50827760395246
12.252252252252251,41.95648783244124,39.174499878411964
12.272272272272271,50.581607273497276,47.72731497691547
12.292292292292291,46.012997671733956,43.08274037195681
12.312312312312311,51.64974642546958,48.640163861317724
12.332332332332332,61.32392892149188,58.23197451921905
12.352352352352352,61.438029719154954,58.26098263995775
12.372372372372372,57.43972069329967,54.175196592726266
12.392392392392392,61.07564534266885,57.72160579937915
12.412412412412412,60.69351335603152,57.24827393262315
12.432432432432432,54.7086009675508,51.17083787157506
12.452452452452452,60.70232558154577,57.07108090037265
12.472472472472472,45.8801207009847,42.15480618981616
12.492492492492492,60.7579667274721,56.93836613552408
12.512512512512512,63.20423278565242,59.29050271130669
12.532532532532532,59.410680395677076,55.403349667221576
12.552552552552552,52.355265571452705,48.25523315585883
12.572572572572572,64.365464245599,60.17399569360581
12.592592592592592,46.43069574782865,42.1494181893914
12.612612612612612,70.05051808816066,65.68141379805412
12.632632632632632,40.2934976851615,35.83889624418245
12.652652652652652,48.16652361165019,43.629092694417146
12.672672672672672,52.91403448753528,48.29676931331469
12.692692692692692,34.54850043022122,29.854711918496143
12.712712712712712,46.574484428006805,41.80778610562637
12.732732732732732,55.123373046206794,50.28766675789125
12.752752752752752,56.843114475520906,51.94257495422942
12.772772772772772,61.20594011440404,56.244998472580825
12.792792792792792,54.72377731155094,49.70710351853267
12.812812812812812,52.919682132399814,47.85216654727651
12.832832832832834,45.33996384699687,40.226697879953505
12.852852852852854,50.356744809620885,45.20300078823335
12.872872872872874,35.04180511655641,29.853015436659657
12.892892892892894,41.69075850580113,36.47249414937592
12.912912912912914,43.98939203302601,38.747340538054466
12.932932932932934,48.04398683068474,42.7839298000915
12.952952952952954,31.13080182658767,25.85859206520628
12.972972972972974,51.45260589309272,46.17414426306805
12.992992992992994,32.63913042973417,27.360342515884803
13.013013013013014,49.83584111240605,44.56265378982215
13.033033033033034,58.62171976851676,53.36003776505569
13.053053053053054,42.818548095326406,37.57423064168832
13.073073073073074,30.3842968781767,25.163134537896212
13.093093093093094,34.78551971560457,29.593211486582984
13.113113113113114,31.00372368571171,25.845854463840475
13.133133133133134,36.10093555234543,30.982954046339877
13.153153153153154,34.47218181203641,29.399378996814182
13.173173173173174,26.922247918966477,21.8997361127757
13.193193193193194,48.02153186233149,43.05422451036698
13.213213213213214,45.78487969085038,40.8774719353025
13.233233233233234,29.48320540119897,24.64015551456985
13.253253253253254,32.678241067728415,27.903752822836363
13.273273273273274,23.498767499795946,18.796773546185086
13.293293293293294,33.201127566280356,28.575273878772368
13.313313313313314,29.481117160684498,24.934748621569987
13.333333333333334,28.06500221658031,23.601149388464165
13.353353353353354,37.117474910958606,32.73884205256538
13.373373373373374,15.674383243167798,11.383337615498073
13.393393393393394,18.656079671956473,14.45464217708223
13.413413413413414,26.13033356102829,22.0201707505459
13.433433433433434,29.224450948680758,25.206868433423516
13.453453453453454,33.36903774440371,29.444975031475003
13.473473473473474,20.201126880929216,16.37115365847292
13.493493493493494,20.075593990865684,16.339907875265403
13.513513513513514,25.893294303164254,22.251720057580176
13.533533533533534,31.07016322705873,27.522153454392082
13.553553553553554,15.277428761516454,11.822066069061567
13.573573573573574,20.9591924395066,17.595193066730268
13.593593593593594,38.545400936636014,35.27111983173857
13.613613613613614,25.76256192826954,22.575999253452526
13.633633633633634,21.882663673752326,18.781472713467984
13.653653653653654,37.0650256729648,34.046522113874815
13.673673673673674,24.059993881222884,21.121166427169076
13.693693693693694,33.93356041215132,31.071082692162182
13.713713713713714,29.463845756892393,26.67408947913567
13.733733733733734,42.80994381425358,40.08899311391857
13.753753753753754,29.791768774674463,27.135435699045882
13.773773773773774,26.764262016114095,24.16810308560276
13.793793793793794,34.62248323515163,32.081817014792236
13.813813813813814,49.49066291415526,47.000588526085714
13.833833833833834,40.6973662356581,38.252782739373835
13.853853853853854,35.72941338481328,33.32503994855835
13.873873873873874,37.96203591599146,35.592432699519826
13.893893893893894,40.227964524982035,37.88755419110923
13.913913913913914,35.858182668378745,33.54127243825768
13.933933933933934,32.95757228427604,30.658376449180597
13.953953953953954,27.93489024452858,25.64755304512329
13.973973973973974,34.86477046115894,32.583389243780054
13.993993993993994,47.45762447184537,45.17627303022295
14.014014014014014,49.802964450063236,47.51571646018072
14.034034034034034,40.1913053626586,37.89225781807806
14.054054054054054,44.64516482934373,42.32846138432294
14.074074074074074,56.0421396685085,53.70199379660093
14.094094094094094,49.192247106103075,46.82296498266122
14.114114114114114,65.1481604257834,62.7441634438779
14.134134134134134,42.409444144332795,39.96529097504943
14.154154154154154,47.732585745459296,45.24299385533745
14.174174174174174,45.630766571123765,43.09063311164704
14.194194194194194,39.261537929857475,36.665959916389916
14.214214214214214,56.62529720854316,53.96959090891468
14.234234234234235,61.80768928771131,59.08740874378121
14.254254254254255,51.37746155535679,48.58841616431282
14.274274274274275,43.725462452550275,40.86373353841897
14.294294294294295,56.024567880516784,53.086524190353984
14.314314314314315,57.376413354804605,54.35872541828719
14.334334334334335,60.53345558610583,57.433108881740665
14.354354354354355,62.13684240179141,58.95114927767615
14.374374374374375,61.04980381161456,57.776414113610606
14.394394394394395,60.912431720166325,57.549342085455265
14.414414414414415,59.33495286789149,55.88051464716406
14.434434434434435,69.44513947244364,65.89806524939364
14.454454454454455,68.48827706085876,64.8476457432005
14.474474474474475,53.19186556585309,49.45712602773078
14.494494494494495,54.27168720708559,50.442660468470365
14.514514514514515,55.268124392525344,51.34500432698208
14.534534534534535,56.74124186282158,52.72459443084644
14.554554554554555,71.94279572653778,67.83355673749828
14.574574574574575,55.4924903794037,51.291961790931644
14.594594594594595,55.11933527585073,50.82918004532166
14.614614614614615,60.75571239605671,56.37794790451566
14.634634634634635,56.21919873955408,51.75618881409225
14.654654654654655,61.14410661813724,56.598552184266595
14.674674674674675,67.30111998652667,62.6760483875173
14.694694694694695,57.8799329606568,53.178685986072985
14.714714714714715,51.96159538179837,47.187816052573964
14.734734734734735,55.84650587216788,51.004124034478636
14.754754754754755,48.42587654794269,43.519093332843816
14.774774774774775,53.50057545006178,48.53384666034424
14.794794794794795,47.16936489502198,42.14738338498327
14.814814814814815,58.19132697635433,53.11900409416205
14.834834834834835,44.03934136620605,38.921787532239335
14.854854854854855,51.74299228556188,46.58549678353261
14.874874874874875,28.148885928919135,22.956895989687894
14.894894894894895,30.465316773061204,25.244416033859828
14.914914914914915,52.21202997347655,46.96791639771912
14.934934934934935,47.81160133918047,42.55006468417764
14.954954954954955,37.9342259884938,32.661124910173186
14.974974974974975,41.7528533309782,36.474092216148925
14.994994994994995,43.341754641190576,38.063260258967546
15.015015015015015,28.77854078116758,23.506238845886145
15.035035035035035,37.22324245028248,31.96303418858418
15.055055055055055,30.27567679161715,25.03341560637071
15.075075075075075,48.38710067899916,43.16856900233795
15.095095095095095,37.17750010692327,31.9883865339327
15.115115115115115,34.58286999704388,29.428746790522325
15.135135135135135,36.22360180909767,31.109902864346992
15.155155155155155,33.50778123728975,28.439780594072595
15.175175175175175,42.76158442676538,37.74437541340251
15.195195195195195,26.723428049311597,21.76190314139269
15.215215215215215,35.59274111322378,30.69157258657951
15.235235235235235,37.5805419747868,32.74416342922872
15.255255255255255,24.544380444099584,19.776969270991504
15.275275275275275,27.969997349781426,23.27545821277292
15.295295295295295,25.187340712470764,20.569290106717713
15.315315315315315,25.943777199011024,21.405529149942673
15.335335335335335,37.97993414829027,33.52448710647634
15.355355355355355,16.535201509127198,12.165226493068623
15.375375375375375,22.288252633228577,18.006082666960438
15.395395395395395,29.941328231710674,25.748949118985855
15.415415415415415,12.258311506832614,8.157353978369146
15.435435435435435,23.000135272884997,18.99186853773031
15.455455455455455,36.33455996883068,32.419886695343656
15.475475475475475,27.69752236932362,23.87697511562176
15.495495495495495,37.396221667631984,33.66996077561939
15.515515515515515,4.4093486146497325,0.7771615759537722
15.535535535535535,33.02719766803278,29.488499964356848
15.555555555555555,29.28325961380875,25.837097028378047
15.575575575575575,39.35729504061128,36.002347431570975
15.595595595595595,8.989556378278717,5.724142899122967
15.615615615615615,43.48121934386078,40.303305090248585
15.635635635635635,117.84577940449674,114.75298346117023
15.655655655655655,16.705006937891397,13.694611793875367
15.675675675675675,29.33417286502107,26.403135159872026
15.695695695695695,23.58579518572342,20.730757744332504
15.715715715715715,40.65650510361733,37.87381021197623
15.735735735735735,27.13038742407062,24.416091293502237
15.755755755755755,30.707660000024408,28.05754836268013
15.775775775775776,33.248493707339144,30.658098481291283
15.795795795795796,28.100188531754515,25.56480548978271
15.815815815815816,43.971178270609435,41.4858856428107
15.835835835835836,40.04529487990769,37.60497281656718
15.855855855855856,21.685814089474142,19.28516490723166
15.875875875875876,32.956071292883706,30.589640424133776
15.895895895895896,29.85251952563855,27.514717088320598
15.915915915915916,50.89455820440899,48.57968110689119
15.935935935935936,34.29001052837505,31.992265022019236
15.955955955955956,30.173900081414157,27.88742467163895
15.975975975975976,33.478567477769914,31.19745610301146
15.995995995995996,43.07386702799457,40.79219241490498
16.016016016016017,53.03997615568716,50.75181325821384
16.036036036036037,43.52734868897987,41.22679811863706
16.056056056056057,35.38857306460556,33.06978441928449
16.076076076076077,48.430630180258625,46.08782517932366
16.096096096096097,45.63625584718928,43.26375118137366
16.116116116116117,42.58954301463861,40.1817728203811
16.136136136136138,42.893290494655695,40.4448283640046
16.156156156156158,55.0353135361633,52.54089397521082
16.176176176176178,49.15753968810494,46.612078939095746
16.196196196196198,51.71585585865422,49.114472003428375
16.216216216216218,55.60727528458148,52.9453075498536
16.236236236236238,38.39958513316465,35.67261232129775
16.256256256256258,49.80293038195144,47.006788354341964
16.276276276276278,54.07455991565917,51.20535805959603
16.296296296296298,47.18281768044401,44.236954294324484
16.316316316316318,46.65539980580694,43.62957634186925
16.336336336336338,52.73952198390482,49.63075609215542
16.356356356356358,61.61692412669112,58.42256144844519
16.376376376376378,51.32595830101051,48.04368296540858
16.396396396396398,55.15050894446243,51.77835272645551
16.416416416416418,61.706727481922606,58.243077585510775
16.436436436436438,53.29935564169258,49.74296107763887
16.456456456456458,55.92908127190815,52.27905780470727
16.476476476476478,57.1715367982796,53.427370442819004
16.496496496496498,45.77507363962468,41.936622693710746
16.516516516516518,79.74090585108122,75.80840145579275
16.536536536536538,43.48657790262051,39.460623128274015
16.556556556556558,49.88205014410332,45.76361760544428
16.576576576576578,41.87151506674543,37.661943076796376
16.596596596596598,55.532731352401726,51.233718630176284
16.616616616616618,60.85908341063533,56.472682363646534
16.636636636636638,67.33550122976548,62.86410983789217
16.656656656656658,50.30081331671521,45.747165649521314
16.676676676676678,66.01487867796786,61.38203408297339
16.696696696696698,54.840607532043826,50.13193853670192
16.716716716716718,58.07921079824475,53.298389773465665
16.736736736736738,52.708014790624446,47.8589994285851
16.756756756756758,69.51818905426165,64.60520671792762
16.776776776776778,47.103369766804384,42.13090077305359
16.796796796796798,47.54957257954903,42.52233248200285
16.816816816816818,48.23877410482271,43.161695046446354
16.836836836836838,71.3103691914937,66.1885804007057
16.856856856856858,53.43314596112567,48.27195346854375
16.876876876876878,41.58868216857196,36.39354782460429
16.896896896896898,45.715670226386926,40.49219010264245
16.916916916916918,56.17371140963368,50.92759366956202
16.936936936936938,31.246164135371806,25.98320646164212
16.956956956956958,44.38282540445843,39.108892072339415
16.976976976976978,39.03256273313822,33.75356142054127
16.996996996996998,27.49697160763855,22.218830033527546
17.017017017017018,39.575075100826076,34.30371758437592
17.037037037037038,52.292738295195505,47.034062328394974
17.057057057057058,45.18360724913671,39.943460175477895
17.077077077077078,41.3828636622188,36.167019553696036
17.097097097097098,46.174954381725854,40.98909120558291
17.117117117117118,42.76466822466011,37.61434539017823
17.137137137137138,27.47773792505352,22.368374299170526
17.157157157157158,30.03111163263745,24.967964111333902
17.177177177177178,44.52421923577678,39.51236195596742
17.197197197197198,41.42282103058348,36.46712530471944
17.217217217217218,35.88315925530744,30.98827430803674
17.237237237237238,24.55648063629309,19.726815219355284
17.25725725725726,46.86845283291193,42.10815779096966
17.27727727727728,23.587054916237193,18.900006772587346
17.2972972972973,23.54414215005023,18.93392777712385
17.31731731731732,30.56115429777203,26.03105673304289
17.33733733733734,23.00383026942356,18.55681573281543
17.35735735735736,17.601240010060724,13.23994617419245
17.37737737737738,31.044928809780743,26.771654369433662
17.3973973973974,31.90149879123199,27.718194373286707
17.41741741741742,27.05276430415084,22.96102475393964
17.43743743743744,18.45266291662057,14.453720991198459
17.45745745745746,35.273133635770535,31.367855129044703
17.47747747747748,36.18504291763037,32.37392323662538
17.4974974974975,27.647230446882165,23.930392652679878
17.51751751751752,40.10204500697566,36.479239328076915
17.53753753753754,40.739066439563146,37.20967125959551
17.55755755755756,29.836661537260213,26.399685853126037
17.57757757757758,34.762701086976776,31.416788427720938
17.5975975975976,41.42639759083448,38.16983138173481
17.61761761761762,19.347422300605817,16.17813265127424
17.63763763763764,26.90973356717434,23.82530545682556
17.65765765765766,15.720582430342645,12.718265257862207
17.67767767767768,44.97956641676708,42.056284877813454
17.6976976976977,34.52711789084217,31.679484138970142
17.71771771771772,21.047551717718697,18.27187876143342
17.73773773773774,38.04681529349725,35.33913157626108
17.75775775775776,33.40815784366828,30.76422294920461
17.77777777777778,35.01491830806186,32.43023972885004
17.7977977977978,24.776201986721066,22.24605288937251
17.81781781781782,35.50217452446103,33.02161244172409
17.83783783783784,18.07926176646904,15.64314814194632
17.85785785785786,25.877398491414844,23.480418999704312
17.87787787787788,36.1481466015438,33.78483216344885
17.8978978978979,29.034012687575725,26.69876109728066
17.91791791791792,46.80729737110213,44.494395449789636
17.93793793793794,28.683083666390665,26.38672985469597
17.95795795795796,38.71268413351381,36.42701143347487
17.97797797797798,36.379339908397476,34.09843908417855
17.997997997998,38.26267851689323,35.98062146253581
18.01801801801802,47.91602032943001,45.62688351122464
18.03803803803804,36.87018546621732,34.568073346994666
18.05805805805806,46.10953621756212,43.78860457027333
18.07807807807808,40.40370427981942,38.058183298213294
18.0980980980981,40.936033031102724,38.56025014610999
18.11811811811812,55.60627004140309,53.194672353001536
18.13813813813814,50.591453540569496,48.13862977642432
18.15815815815816,59.95523594721645,57.4559378612617
18.17817817817818,42.398417938379765,39.847581064721275
18.1981981981982,38.90941304434534,36.30217672441498
18.21821821821822,62.83799202609857,60.169718629863546
18.23823823823824,53.5823990963549,50.848692361572866
18.25825825825826,50.59972177479365,47.79644419179207
18.27827827827828,62.20609527664523,59.32938444987778
18.2982982982983,50.06028180885201,47.106565730531244
18.31831831831832,48.83314280478786,45.79915398019515
18.33833833833834,54.66180267680479,51.54459104542014
18.35835835835836,65.51976450680901,62.3167091081645
18.37837837837838,66.431004477048,63.13982381517307
18.3983983983984,49.5708215003462,46.18958256581905
18.41841841841842,44.22456349864541,40.7516894125734
18.43843843843844,60.255122701333256,56.68939895103454
18.45845845845846,53.72375573274029,50.064334974467926
18.47847847847848,48.30787102623789,44.554276435954556
18.4984984984985,44.31228827118984,40.464415430142466
18.51851851851852,53.3297181595733,49.387835467211296
18.53853853853854,59.76232687325141,55.727074485855766
18.55855855855856,59.09742903186437,54.96981633108445
18.57857857857858,66.52023013404343,62.30163173535236
18.5985985985986,69.18767422496073,64.87982454181339
18.61861861861862,50.912563734378175,46.51755011956775
18.63863863863864,66.02978461459023,61.55003910592545
18.65865865865866,52.64559322984036,48.08388293278455
18.67867867867868,58.728597757250746,54.088013902554124
18.6986986986987,54.270727945161724,49.554673664757935
18.71871871871872,70.1990231254548,65.41119999496125
18.73873873873874,47.806129130698416,42.95052253173732
18.75875875875876,57.17470662042195,52.25556998064592
18.77877877877878,52.59780312036141,47.61964109350579
18.7987987987988,45.86103485590216,40.82858550837736
18.81881881881882,50.633659738292465,45.5518758127587
18.83883883883884,63.8768889973853,58.75091832740178
18.85885885885886,117.12808933307589,111.96325448627361
18.87887887887888,48.13264136974142,42.934418600019754
18.8988988988989,45.33601393054634,40.11001152252547
18.91891891891892,57.86093852820338,52.61287461956857
18.93893893893894,61.76778138878203,56.50346135821996
18.95895895895896,50.52914224270792,45.25443575285307
18.97897897897898,52.460963740362494,47.181781526536376
18.998998998999,50.206059850908744,44.928330347439285
19.01901901901902,38.987511822884365,33.7171577194356
19.03903903903904,36.5416953522413,31.28461017285996
19.05905905905906,30.278153873507264,25.04017867100334
19.07907907907908,36.24046091478047,31.02736117260225
19.0990990990991,31.216411993713518,26.033854826657663
19.11911911911912,38.59765752859283,33.451189272507904
19.13913913913914,39.63427125609623,34.529295535199935
19.15915915915916,46.8341796193657,41.77593597790756
19.17917917917918,19.747078809373296,14.740621992142565
19.1991991991992,44.12549854567639,39.17567850928938
19.21921921921922,43.56526600165513,38.67670873566617
19.23923923923924,24.942147005929723,20.119236239607712
19.25925925925926,40.69243948823596,35.939299355345966
19.27927927927928,36.12950900440347,31.449987734544614
19.2992992992993,21.409323379528992,16.806978080520288
19.31931931931932,16.635821165418736,12.113903756910176
19.33933933933934,31.64209149967415,27.20353585360773
19.35935935935936,22.2005960011058,17.8480063398789
19.37937937937938,26.96332047827017,22.698961076480046
19.3993993993994,29.545726431224587,25.371512661717937
19.41941941941942,34.45667915938033,30.374169919015824
19.43943943943944,25.79537593923167,21.805767484307268
19.45945945945946,-0.26410220190823264,-4.1599809861855475
19.47947947947948,13.632806398353573,9.831115521057953
19.4994994994995,35.79556500323451,32.08814780831225
19.51951951951952,32.47920234599987,28.865771808705567
19.53953953953954,21.99685407990749,18.47675151038237
19.55955955955956,29.047301948245718,25.6194995962708
19.57957957957958,26.88332408844537,23.546429207623635
19.5995995995996,25.833706133760046,22.585966489056172
19.61961961961962,22.23218025663669,19.071491053494917
19.63963963963964,19.572737571445977,16.496649779085466
19.65965965965966,24.336207115040686,21.341937151014207
19.67967967967968,24.498812191399068,21.583252929118004
19.6996996996997,21.979192782049132,19.138925837746193
19.71971971971972,32.21840125255242,29.44971050309387
19.73973973973974,25.853921030005974,23.152807308097966
19.75975975975976,33.29513808453713,30.657334993214704
19.77977977977978,31.77218845733629,29.19317924119761
19.7997997997998,32.29588363233596,29.77091903880524
19.81981981981982,40.34848394807684,37.87260100806476
19.83983983983984,23.439231287931776,21.007272941626162
19.85985985985986,43.981288721721754,41.587924211899406
19.87987987987988,31.772578227969625,29.41232418018513
19.8998998998999,38.07619175337496,35.74343385966601
19.91991991991992,46.668810957694916,44.35782617805701
19.93993993993994,56.50548043491426,54.2104596287504
19.95995995995996,44.26575588815989,41.980826786210315
19.97997997997998,57.15379200432535,54.87304243023623
20.0,46.750748825488465,44.46825007519091
