时间戳,压力传感器1,压力传感器2
0.0,24.070032540072056,17.770143616926177
0.02002002002002002,32.317368630336276,34.68286627240598
0.04004004004004004,32.153448426246996,23.7782285325313
0.06006006006006006,27.194496387468725,35.749388202147145
0.08008008008008008,34.305692230332205,26.486878777831627
0.10010010010010009,32.14967369160228,23.58929507911213
0.12012012012012012,39.60769039323391,28.683859062898133
0.14014014014014015,40.96576642699136,31.5380109131298
0.16016016016016016,40.5604897936673,41.76322261231857
0.18018018018018017,37.72556934031828,26.1145242978158
0.20020020020020018,38.023150197129844,29.8443617306663
0.22022022022022023,34.93130770196811,27.366259903082835
0.24024024024024024,36.8857740362432,38.43507396527778
0.2602602602602603,37.27219290676433,31.052788995387413
0.2802802802802803,40.91597305994051,41.641358922531545
0.3003003003003003,35.24403598066542,39.42526682688497
0.3203203203203203,45.42398091074375,40.065178513127925
0.34034034034034033,40.90867128431125,38.97839713408704
0.36036036036036034,43.4094649687429,43.59588382059527
0.38038038038038036,53.64194606929784,47.39822137217806
0.40040040040040037,44.39468217721016,51.1865198135675
0.42042042042042044,46.91732822002345,42.134474333307836
0.44044044044044045,57.343201396601124,55.302725390928806
0.46046046046046046,44.28503204084148,40.01277655616546
0.4804804804804805,53.83810869707721,56.33464307684187
0.5005005005005005,46.474570767489126,49.84220739722942
0.5205205205205206,52.89395805693833,48.20693680365981
0.5405405405405406,55.43701104062496,50.18133013273749
0.5605605605605606,54.49933417401033,46.721815511365705
0.5805805805805806,46.327794216943,49.55150782857835
0.6006006006006006,52.03757940307508,56.40023453404098
0.6206206206206206,53.80109412031902,58.05940352431443
0.6406406406406406,51.79049993316005,50.1494215177016
0.6606606606606606,59.618292637229445,55.235800201471044
0.6806806806806807,54.19423867788405,49.995078253124305
0.7007007007007007,47.57734194779165,52.624979954699214
0.7207207207207207,52.204704342342204,49.054373445720955
0.7407407407407407,59.65305346173471,53.32978991467981
0.7607607607607607,57.430586833757985,55.00180620810898
0.7807807807807807,58.61641353093535,50.235851568478374
0.8008008008008007,51.52112585928795,54.65203240025565
0.8208208208208209,57.943020105039054,55.6722097099875
0.8408408408408409,64.3105967793893,54.42596688401057
0.8608608608608609,54.7494234192319,52.19192141975962
0.8808808808808809,59.01934425249528,57.99309415222324
0.9009009009009009,52.94400217054843,55.997047221087946
0.9209209209209209,56.852563794626874,49.24994889800228
0.9409409409409409,58.926806570491095,60.109228401518344
0.960960960960961,51.44586240917191,48.65693229880609
0.980980980980981,48.92140724619864,60.29739279449985
1.001001001001001,45.60660846487446,46.43763356816239
1.021021021021021,60.283317303839695,48.52146906078791
1.0410410410410411,48.53168157186578,52.11426483306557
1.0610610610610611,57.67172500639545,47.61559146638544
1.0810810810810811,55.21883520053302,46.69313930000972
1.1011011011011012,54.57526534805471,46.78622746395368
1.1211211211211212,61.9167495515362,51.220889404763646
1.1411411411411412,51.06104952204427,49.84485757855846
1.1611611611611612,59.34381554366324,48.034814350798655
1.1811811811811812,54.13641134620001,54.473544732290414
1.2012012012012012,51.04430170642838,51.91600217486104
1.2212212212212212,49.17054285855569,40.83675424864523
1.2412412412412412,44.125988437427495,38.39891025757483
1.2612612612612613,38.55459132216928,29.23758618392266
1.2812812812812813,29.925767957998893,26.33769253902237
1.3013013013013013,37.356424636423846,24.938739301825237
1.3213213213213213,36.72577908291176,26.361450582521968
1.3413413413413413,44.37345416397332,33.79181163976688
1.3613613613613613,30.5433649648034,24.300764207638238
1.3813813813813813,31.164094395112397,27.729825893650638
1.4014014014014013,35.62256986992445,25.740905093802454
1.4214214214214214,22.75631612108464,29.367325841119815
1.4414414414414414,31.179187529084004,23.763266910888106
1.4614614614614614,23.87216947272168,31.434338484717085
1.4814814814814814,32.101541053121785,26.72345773978025
1.5015015015015014,32.974134968576216,25.63341391187745
1.5215215215215214,32.22887470978145,24.51285983871736
1.5415415415415414,24.896143433420107,35.537528671735934
1.5615615615615615,42.68009396465849,27.17393565746339
1.5815815815815815,31.131888454885548,21.07365010665364
1.6016016016016015,21.672392755997258,28.03352114055337
1.6216216216216217,30.26987127824746,15.80349534013906
1.6416416416416417,26.989978889197385,31.306147466455737
1.6616616616616617,32.595660676166105,30.418794348183773
1.6816816816816818,31.911180733662526,32.117136961830994
1.7017017017017018,31.52512151997654,27.45071768189597
1.7217217217217218,33.168716232867624,23.65087424137881
1.7417417417417418,29.411326517265252,27.10626074624232
1.7617617617617618,28.01090415260315,29.6708865959715
1.7817817817817818,27.358356689268707,26.5085450224063
1.8018018018018018,21.973579158959303,28.833631820894887
1.8218218218218218,25.321381620551705,20.484615596166563
1.8418418418418419,29.700637573546945,33.01410919549725
1.8618618618618619,31.176524306509343,31.327396480013483
1.8818818818818819,30.386699252643282,26.273842441556656
1.901901901901902,28.455232892671074,26.697548651052948
1.921921921921922,32.70908707023178,25.415329548242067
1.941941941941942,29.018388242381196,23.194330498608423
1.961961961961962,21.92796813222565,19.481268955682886
1.981981981981982,34.39373032106201,28.15446477253069
2.002002002002002,27.98859676278439,23.950576361352695
2.022022022022022,26.908898203991544,29.144166455889756
2.042042042042042,32.66327350623407,29.84164144084333
2.062062062062062,27.725192571594114,27.75726054369995
2.0820820820820822,33.502972422140296,21.67429536036284
2.1021021021021022,22.537291152758957,33.83652629211846
2.1221221221221223,35.964585300991956,31.76454372428832
2.1421421421421423,27.28434948077067,30.286288717171015
2.1621621621621623,28.989312604095343,32.60801230108643
2.1821821821821823,42.30432037857311,36.0456646563377
2.2022022022022023,41.14480028337152,33.01957097576422
2.2222222222222223,33.546080334289734,38.20000099445874
2.2422422422422423,31.680145263520444,34.63226343688239
2.2622622622622623,40.02776281833803,33.92795633280212
2.2822822822822824,40.23580978149168,39.81581025370915
2.3023023023023024,34.0037708189713,41.171986423567006
2.3223223223223224,44.38994394666378,37.58466346445344
2.3423423423423424,48.78628223368189,38.999050831872715
2.3623623623623624,39.80548119204392,45.92436998581545
2.3823823823823824,41.32771815242213,46.53270928620216
2.4024024024024024,47.57168719635237,44.05508191218819
2.4224224224224224,51.470626501200385,56.08016146780463
2.4424424424424425,49.011436032023035,51.681722642554455
2.4624624624624625,55.3535917386984,41.32331337104271
2.4824824824824825,56.750825622861825,49.07095177418234
2.5025025025025025,47.60979334166964,53.91753330816821
2.5225225225225225,56.6216187051338,51.14619876992594
2.5425425425425425,49.60370006582582,51.458606164672204
2.5625625625625625,50.51132436109192,47.67395945407349
2.5825825825825826,49.79682476524005,51.75690671543985
2.6026026026026026,51.23256900190226,51.824258133450996
2.6226226226226226,50.004792497543576,53.0718262659115
2.6426426426426426,54.48608840179973,48.51414327260769
2.6626626626626626,56.71591325304726,49.45904786860311
2.6826826826826826,60.3866375834154,67.32988268306237
2.7027027027027026,56.780950962680656,52.94678513147239
2.7227227227227226,58.03120201944197,52.748404065001274
2.7427427427427427,51.86087673666319,46.12879860135055
2.7627627627627627,49.575034190143874,48.94436634961169
2.7827827827827827,53.47738322116902,51.80358932074124
2.8028028028028027,52.49246274912654,50.64850162214457
2.8228228228228227,55.5708668868372,55.22851798058136
2.8428428428428427,55.96651215313761,51.07355967972936
2.8628628628628627,53.67237701579819,57.88733655014948
2.8828828828828827,55.42927492528864,52.226104082640255
2.9029029029029028,51.0224680262455,46.70450593388888
2.9229229229229228,60.561020547186466,57.05223104835443
2.942942942942943,61.20040269023623,53.673606512561896
2.962962962962963,45.55021936088167,51.52466167841869
2.982982982982983,57.638287819290944,57.230161325937104
3.003003003003003,50.9918412158937,50.52996410842226
3.023023023023023,51.185601876084185,64.76407936963604
3.043043043043043,55.48873975273221,45.14163274260656
3.063063063063063,53.12174186720199,57.610890747063976
3.083083083083083,55.21249915434938,48.29365459330058
3.103103103103103,47.00705643531459,56.69148750291862
3.123123123123123,56.488858719743064,54.818334512673246
3.143143143143143,54.59984012123291,42.29625965151606
3.163163163163163,52.72493420132337,38.9371983089749
3.183183183183183,46.33349640603893,38.71634964645241
3.203203203203203,43.36828499279104,29.38639381301983
3.2232232232232234,35.20417562951344,37.8759353889154
3.2432432432432434,37.930493806243774,30.195117270746216
3.2632632632632634,39.45510507631122,40.3888764909579
3.2832832832832834,43.61911959253261,28.552305397756037
3.3033033033033035,31.164566124249102,31.819598368273216
3.3233233233233235,34.61958087378402,32.924602052438395
3.3433433433433435,37.11950239264819,28.86807587213628
3.3633633633633635,32.46812334736411,33.992267258862356
3.3833833833833835,24.456682258421942,24.354946706772242
3.4034034034034035,28.17680506220711,29.540630855247628
3.4234234234234235,27.860494425971858,21.148404396131173
3.4434434434434436,26.555155793526367,31.32110543857946
3.4634634634634636,27.035293709115578,28.974789743381642
3.4834834834834836,36.519701269098796,26.2818752082367
3.5035035035035036,32.437230319329224,25.48659379566041
3.5235235235235236,30.939809163315225,23.886380647341188
3.5435435435435436,40.55943347805853,29.35645611945527
3.5635635635635636,27.13882119014158,23.7990719704473
3.5835835835835836,34.51931962583334,26.661989720462394
3.6036036036036037,32.6442644992117,29.51421438224012
3.6236236236236237,29.78710296065841,23.783302314530687
3.6436436436436437,31.10415994952483,28.95990697328187
3.6636636636636637,29.726106710255518,24.89480396483111
3.6836836836836837,34.070367621534494,23.489511979218545
3.7037037037037037,29.955591451185615,22.49326747761955
3.7237237237237237,27.382869195643213,25.594575543319404
3.7437437437437437,23.17365744008354,23.716136641324752
3.7637637637637638,34.70127746203847,30.267975183573963
3.7837837837837838,29.71010199912385,30.617533625013678
3.803803803803804,28.51638310987244,27.813313809627388
3.823823823823824,34.77055636417099,24.866565843067963
3.843843843843844,30.585920405058168,34.599775281360685
3.863863863863864,28.159832514602503,28.49027186764956
3.883883883883884,31.150759064460043,25.365173793633133
3.903903903903904,24.214438503067218,26.907747516933455
3.923923923923924,28.535795043375376,28.909714085573327
3.943943943943944,29.872306426811505,23.09820860724083
3.963963963963964,33.14214482177664,25.884838494297206
3.983983983983984,23.166464531570288,26.35955335914318
4.004004004004004,27.281042480141235,24.289463612915352
4.024024024024024,36.78427246950183,38.84412210648859
4.044044044044044,29.707688968118656,30.48701582702098
4.064064064064064,32.10838969497765,30.285534716317486
4.084084084084084,29.201965481471262,26.6915007085121
4.104104104104104,29.65910332659721,32.441311390535745
4.124124124124124,38.297390839194556,33.62727150057536
4.1441441441441444,34.577918264897676,27.05401508137752
4.1641641641641645,32.321301805245774,46.42129214466023
4.1841841841841845,43.004888312432655,37.774441934554766
4.2042042042042045,32.320282231262524,32.40417271017395
4.2242242242242245,39.54685622179362,34.95781974174991
4.2442442442442445,45.7310606306696,45.22063831564104
4.2642642642642645,44.939904528875964,45.79747132860825
4.2842842842842845,42.42916032545896,48.39040273512605
4.3043043043043046,42.466827607234755,44.06121421672829
4.324324324324325,53.04740048392338,40.630964748566136
4.344344344344345,46.76938150951625,49.1693140602486
4.364364364364365,53.85291156814066,43.7094256040818
4.384384384384385,52.398872342739914,49.716379204009314
4.404404404404405,46.069029254562984,48.38510542274172
4.424424424424425,43.42704009400065,50.661420732560835
4.444444444444445,47.90874153559878,50.55176222132433
4.464464464464465,55.21311571930583,49.682342185313594
4.484484484484485,50.72284698543408,52.835615459219035
4.504504504504505,46.94704782323084,52.95879031484702
4.524524524524525,56.94979826288665,51.61483838080772
4.544544544544545,53.60375674763274,46.79888655629715
4.564564564564565,53.448638838997105,59.77172577753453
4.584584584584585,62.077300486120095,53.36026873145674
4.604604604604605,59.368398602315715,61.77225401253868
4.624624624624625,52.006697328504835,55.80941851596385
4.644644644644645,51.77542268888916,50.98152370185814
4.664664664664665,52.11990057758138,49.19854130690693
4.684684684684685,56.91115990752579,50.06571869918671
4.704704704704705,58.55445470944119,51.766177530995165
4.724724724724725,55.01840602363565,53.088593422174796
4.744744744744745,57.532868285982005,54.49360485663483
4.764764764764765,56.544912028278524,46.018429972060915
4.784784784784785,69.2813605822143,54.035699678073655
4.804804804804805,62.57822017573287,50.20749519340107
4.824824824824825,61.429095263530776,52.677716724823156
4.844844844844845,56.69014181764474,50.23024466357553
4.864864864864865,51.26817554089631,55.2788770631499
4.884884884884885,54.27099811039919,57.412240042109126
4.904904904904905,54.144239740069736,55.45954667512364
4.924924924924925,49.87067497812039,48.31909850545108
4.944944944944945,49.30362023083764,56.29844394155858
4.964964964964965,50.349380466652605,60.55242248684597
4.984984984984985,52.98583813676459,49.841568851161554
5.005005005005005,51.97828215893152,58.931927856837
5.025025025025025,55.289497080331174,52.85723625784343
5.045045045045045,55.81745367048875,49.3592610506663
5.065065065065065,61.047194773969075,52.37923099620039
5.085085085085085,48.25059182130868,44.8581998463963
5.105105105105105,59.021483577144984,48.074926108499575
5.125125125125125,59.91688719310119,42.42119808676375
5.145145145145145,51.598187999990074,39.37667116565611
5.165165165165165,45.26136152369728,44.533387735401064
5.185185185185185,42.44811700732092,35.222609792941405
5.205205205205205,41.63335702383589,28.97502311387261
5.225225225225225,40.1306208832929,30.085032197308927
5.245245245245245,35.79251215548565,37.017192163432966
5.265265265265265,35.438495671585116,35.92002262057188
5.285285285285285,28.832020222712135,28.040440223465012
5.305305305305305,38.439418510522124,35.51413135665562
5.325325325325325,42.94140291591969,26.507553161506788
5.345345345345345,33.113979268760836,35.136268189031576
5.365365365365365,37.73902303225837,27.776530357117533
5.385385385385385,41.37365069780572,23.550527287039923
5.405405405405405,31.36532169444012,28.91008872043441
5.425425425425425,38.08950132961273,27.156157844916443
5.445445445445445,33.49583133327176,35.125140420887064
5.465465465465465,27.55972670208529,28.135075656621385
5.485485485485485,30.161485124888223,33.179945594241055
5.505505505505505,30.747060429940067,35.39001867309115
5.525525525525525,35.432359378469755,36.338281965743626
5.545545545545545,27.35693876514403,23.49964137964362
5.565565565565565,34.87094002035901,27.099272814933475
5.585585585585585,38.31842488214935,24.711617647082786
5.605605605605605,33.82453858199244,29.96586776282756
5.625625625625625,28.33618711177008,23.593332812169212
5.645645645645645,27.4022653433548,19.893901638065476
5.665665665665665,32.20608931561061,35.742891267042275
5.685685685685685,29.372282505562612,31.80018736369876
5.7057057057057055,34.14865663627757,33.10047171509243
5.7257257257257255,29.958494557141922,28.264517841475048
5.7457457457457455,33.793528615135216,30.3605465796026
5.7657657657657655,29.788544919529734,25.901043587876092
5.7857857857857855,29.92264277057474,34.14735379967582
5.8058058058058055,32.18868092167408,30.378996148990755
5.8258258258258255,38.472822564526034,32.01275518989753
5.8458458458458455,35.09672049861584,31.59330580225269
5.865865865865866,28.663562159170688,21.529265098392123
5.885885885885886,20.84873438354703,31.416309491900787
5.905905905905906,32.23547672602466,22.186600641551152
5.925925925925926,28.122602140781865,25.63424136201971
5.945945945945946,31.503510125293236,31.31531924828123
5.965965965965966,34.50555630356294,27.74074362597872
5.985985985985986,30.778378594254526,23.951045913050486
6.006006006006006,38.728514864049174,23.82479068853126
6.026026026026026,31.461138124860028,25.896412441416114
6.046046046046046,38.92395640983958,30.6041560539023
6.066066066066066,33.66236645919984,31.41552788900021
6.086086086086086,39.90042753615083,34.3219776936182
6.106106106106106,42.40115628017961,28.948805194539275
6.126126126126126,38.92609810135493,33.198924280556014
6.146146146146146,41.94515900361268,42.48534920658962
6.166166166166166,37.47104371535561,42.51150172499686
6.186186186186186,43.780060851081956,39.71344664098124
6.206206206206206,40.38557727713136,38.02426381768988
6.226226226226226,41.85793689447744,37.81087807417377
6.246246246246246,39.218877653132374,40.97055776427022
6.266266266266266,48.008654798125335,48.85532323619376
6.286286286286286,47.63499376282603,42.06180869122364
6.306306306306306,51.63673016905033,40.98131254643593
6.326326326326326,50.40385035481861,54.83429999720196
6.346346346346346,56.05546579897623,52.18512263447199
6.366366366366366,58.89090797706143,53.18771450880943
6.386386386386386,45.328736884700106,50.923579525519884
6.406406406406406,60.68745991898582,55.449894925489886
6.426426426426427,53.164656327980865,54.243040991724676
6.446446446446447,51.18900366655488,51.24753031597782
6.466466466466467,49.799083583094294,59.19150208634823
6.486486486486487,50.029314694328235,46.85711075647386
6.506506506506507,59.78098061351323,53.56891480797135
6.526526526526527,52.953727118894,45.97733133987697
6.546546546546547,48.835290961812134,52.07855658599393
6.566566566566567,62.605366463144136,43.25158526498741
6.586586586586587,51.43201801285004,55.6207914035985
6.606606606606607,60.021187652342476,59.35105547275212
6.626626626626627,58.67123358823018,52.584065367905644
6.646646646646647,61.55268147787056,53.81674617512173
6.666666666666667,61.73802197109474,52.34298441382242
6.686686686686687,64.11142520501863,57.51953718210858
6.706706706706707,55.19117213286919,54.95985401894603
6.726726726726727,51.7991993964067,56.94255589177317
6.746746746746747,65.85685048791068,51.36637852109518
6.766766766766767,48.671253068768735,53.4590525573493
6.786786786786787,64.18401346404501,55.97061408135605
6.806806806806807,54.89619049215712,60.771026536629975
6.826826826826827,57.942919883215936,48.081239000806214
6.846846846846847,59.85741782468518,49.08865863459123
6.866866866866867,57.4944685111757,50.31669623381137
6.886886886886887,50.830593475995734,47.16620127291179
6.906906906906907,56.00484450137414,52.28747279068218
6.926926926926927,55.36824353997149,54.752693659121924
6.946946946946947,56.267754849414054,55.59479851083987
6.966966966966967,60.77676351913036,52.59358411287688
6.986986986986987,61.08433920977727,52.93285286176645
7.007007007007007,57.41771573672513,57.96858679406793
7.027027027027027,58.33830377079867,45.13339456788473
7.047047047047047,48.62467006495228,45.01152157379863
7.067067067067067,45.53785806197269,46.070623696851236
7.087087087087087,42.01515729526363,42.46445171401549
7.107107107107107,44.67300215447052,36.721928862218434
7.127127127127127,37.16283196846672,34.26223258937689
7.147147147147147,33.53483547378512,32.42592742160556
7.167167167167167,35.14583470109687,36.62625835598441
7.187187187187187,35.011713469832706,27.871442821481264
7.207207207207207,34.34625915068875,37.769912704816335
7.227227227227227,36.44914561271603,31.932522944128795
7.247247247247247,38.00308801118583,37.85395307710102
7.267267267267267,41.31501396667693,30.04912080458396
7.287287287287287,36.347264462217325,23.148312900328275
7.307307307307307,38.46597334660555,26.34429090835158
7.327327327327327,29.931546727143246,30.76721444276668
7.347347347347347,29.175938071309695,35.654093427477626
7.367367367367367,37.296390539498596,28.23173373626372
7.387387387387387,28.256609353542405,29.746208456755667
7.407407407407407,27.164096542307323,25.96140033006369
7.4274274274274275,28.416701136639933,28.55173898134221
7.4474474474474475,31.510042813817055,34.87234184880932
7.4674674674674675,29.756806101945404,25.899838318795666
7.4874874874874875,28.71386040780031,28.10947496692254
7.5075075075075075,28.188974328274934,105.83146778320865
7.5275275275275275,29.778605654673505,33.12913242524131
7.5475475475475475,26.689618458743553,27.44342174754776
7.5675675675675675,36.729233224075635,27.982972239195526
7.587587587587588,31.25773913149662,29.608777685128214
7.607607607607608,31.656881155818297,29.385970312434075
7.627627627627628,27.527366803611187,28.366535874219977
7.647647647647648,28.054010317813876,25.13478035881002
7.667667667667668,36.90898764234315,29.018389857022
7.687687687687688,31.512759231163166,31.647353854259553
7.707707707707708,28.702761362442345,23.62532174383377
7.727727727727728,27.064485532299397,31.49324729458037
7.747747747747748,26.392100099841837,25.996361622330138
7.767767767767768,34.203533783686744,28.401998887777644
7.787787787787788,43.47891284753554,31.72071070693834
7.807807807807808,32.81275671502465,24.232433297194195
7.827827827827828,27.44131336522329,29.190204181445544
7.847847847847848,36.555673490256865,31.16511118651482
7.867867867867868,35.350223795863364,37.983051090680526
7.887887887887888,31.471800946520727,26.549122168564345
7.907907907907908,32.33070070638789,29.617248928902857
7.927927927927928,35.92514518041134,29.221321076278045
7.947947947947948,26.561010051311698,37.732882284741194
7.967967967967968,32.51938248236227,38.499902079619396
7.987987987987988,28.61508394967369,36.241706236430986
8.008008008008009,38.533109544454014,28.256206419012212
8.028028028028029,40.295611146504555,34.62992385139454
8.048048048048049,41.26323836991093,39.10110531708807
8.068068068068069,38.323727580774715,40.46423603743125
8.088088088088089,35.183076823375536,43.221113443642516
8.108108108108109,42.19408769780736,49.08133152476802
8.128128128128129,42.86010288491822,38.590023203978994
8.148148148148149,46.75387123038133,39.989394255481955
8.168168168168169,46.10031594797776,46.937277063839765
8.188188188188189,43.9985333531303,43.01656703868504
8.208208208208209,51.464526807877775,40.01228452074139
8.228228228228229,57.528609119425326,44.860692693175736
8.248248248248249,45.850714641668674,49.5906723439705
8.268268268268269,51.57467945247798,57.45147864990325
8.288288288288289,46.159593371885435,49.12447883435637
8.308308308308309,47.12424429770519,55.69279250578909
8.328328328328329,53.64143960487697,54.928611068767964
8.348348348348349,54.91269071411347,47.687135138536206
8.368368368368369,62.585336720719084,54.74298187805525
8.388388388388389,62.88456573246138,57.261743206773694
8.408408408408409,55.97903146333186,49.59154725133889
8.428428428428429,56.760083463937505,59.51380391607568
8.448448448448449,57.25869956221612,58.854617138621556
8.468468468468469,54.70319683618669,62.32473078212948
8.488488488488489,59.478890020074495,46.743824334215645
8.508508508508509,57.75896580946143,59.94568541923499
8.528528528528529,53.70825092947857,54.21988181067846
8.548548548548549,51.3210416741401,54.283310887462804
8.568568568568569,59.46785573004432,54.237507087876764
8.588588588588589,62.81580242727494,54.634270822943144
8.608608608608609,59.816172177132344,49.29629161620194
8.62862862862863,55.37291956228758,53.76937754828419
8.64864864864865,51.85431521308852,55.880769058643736
8.66866866866867,57.0573178420513,53.452708460061125
8.68868868868869,57.63583069456868,54.13612237367425
8.70870870870871,58.6643021962866,55.87985751567359
8.72872872872873,60.109525964513224,50.39026827112652
8.74874874874875,61.849261775886646,53.32420449578034
8.76876876876877,56.43569342376089,55.530287008164215
8.78878878878879,56.25183459726611,58.99130241421053
8.80880880880881,53.29425988348028,52.04435428958298
8.82882882882883,57.305009573538605,56.04568172182053
8.84884884884885,48.1492533456783,48.66820658112082
8.86886886886887,57.633478509965215,55.42377453779025
8.88888888888889,53.893338316362986,59.11137353710977
8.90890890890891,60.52769364087041,43.22827647015077
8.92892892892893,57.73436992978204,46.94402046872732
8.94894894894895,47.57986750925533,50.007540028587115
8.96896896896897,52.52744997355543,43.61810571543758
8.98898898898899,48.34394822152798,45.119783582941224
9.00900900900901,38.907544446886995,42.0238915754398
9.02902902902903,45.196132794899896,45.12908979128909
9.04904904904905,42.24353672702394,34.07924145259753
9.06906906906907,38.192272071928336,39.01908533193945
9.08908908908909,31.41456622421385,36.7750447723656
9.10910910910911,39.03896115200385,32.85213370190733
9.12912912912913,35.64554340157437,30.964830959135508
9.14914914914915,38.77841431380647,35.224897817503106
9.16916916916917,26.047658325981104,27.320411648851863
9.18918918918919,35.614125165011394,28.812698872831476
9.20920920920921,30.670965344928184,31.909169319574104
9.22922922922923,34.92809124313101,20.73917132420576
9.24924924924925,22.730882314991476,36.88827530572931
9.26926926926927,28.05541817957062,26.97833530534307
9.28928928928929,33.90754762535855,24.75078306251481
9.30930930930931,32.27534858087097,23.064078734625983
9.32932932932933,27.187084935147794,32.446102762272005
9.34934934934935,36.86475903054623,29.408693151530407
9.36936936936937,27.175579397701014,28.683202180238602
9.38938938938939,34.13460701057787,23.54004556013151
9.40940940940941,31.1092309269101,27.99810088467328
9.42942942942943,36.77267851783824,24.469211115704084
9.44944944944945,29.365217829587916,28.56336960955195
9.46946946946947,30.306581132971232,22.864020226179008
9.48948948948949,32.37349534920365,31.145128552924675
9.50950950950951,37.69802637102281,22.04747989486251
9.52952952952953,28.633802380195128,22.44883131968129
9.54954954954955,31.9089240912804,27.969259463370083
9.56956956956957,37.73554606423863,24.137028738102334
9.58958958958959,39.456859199475616,22.32103488164357
9.60960960960961,26.001616005385575,24.524836273795742
9.62962962962963,31.77647594221203,29.37262510031727
9.64964964964965,31.305874385179578,29.953750965505932
9.66966966966967,26.3444787561141,34.62565129752729
9.68968968968969,31.83602541623419,29.250322561914057
9.70970970970971,39.36295598340308,21.416457898030664
9.72972972972973,30.302095237316987,28.412342292789567
9.74974974974975,34.66210402996629,22.588080179440635
9.76976976976977,36.39135694215708,24.005488238287057
9.78978978978979,36.04995211651886,24.07969087649472
9.80980980980981,36.43897479213918,24.366630147021187
9.82982982982983,42.36250328935716,32.53781037307687
9.84984984984985,27.67386877392945,37.337601961869964
9.86986986986987,39.56816382357332,44.051257563520146
9.88988988988989,33.22943032389664,28.945783463508604
9.90990990990991,41.75549919999616,40.97096505441006
9.92992992992993,36.94770008687904,30.83751460844353
9.94994994994995,28.943441567472195,37.86286224741736
9.96996996996997,39.629383301311265,33.50920192866598
9.98998998998999,40.89501845613015,49.52676676816859
10.01001001001001,42.243927970894866,41.24076600971671
10.03003003003003,49.96148838429587,39.59747908697041
10.05005005005005,58.89596991570738,41.66875657713642
10.07007007007007,44.88311293731765,46.68281968020278
10.09009009009009,52.91101863053263,54.22822017204945
10.11011011011011,60.700324968519965,45.719543163887906
10.13013013013013,58.74181882030319,44.47189185383661
10.15015015015015,48.99306722734,47.895524235243236
10.17017017017017,53.01356628391733,52.63373894725457
10.19019019019019,54.151503195348255,41.42902613266899
10.21021021021021,52.050953340964625,59.96491351889127
10.23023023023023,59.25663337892487,53.2982915536314
10.25025025025025,52.65663044173963,52.471499661326966
10.27027027027027,57.44835284349149,50.42781620051247
10.29029029029029,51.58142199138774,52.85127886638161
10.31031031031031,58.26412498305944,53.14756528504586
10.33033033033033,52.252833646885186,52.679011388843996
10.35035035035035,51.83932323272353,51.397051813571565
10.37037037037037,51.92619311847474,50.753666190397595
10.39039039039039,63.40605555317828,59.855234161536345
10.41041041041041,64.55985014972464,54.78197966405681
10.43043043043043,47.95731681388533,58.57449376773619
10.45045045045045,56.378187951436395,60.25350414819244
10.47047047047047,52.441985630104796,59.809504539282784
10.49049049049049,60.70284828352638,53.60198673706349
10.51051051051051,58.91126605610071,47.185343411531626
10.53053053053053,46.32600162804357,61.87572616626943
10.55055055055055,56.857975466374015,54.682035204092124
10.57057057057057,64.74950202746248,56.75463289283674
10.59059059059059,61.2817055717903,54.292236511621816
10.61061061061061,62.683924963645325,55.085770304161876
10.63063063063063,57.2067509871486,53.06026682663203
10.65065065065065,57.45937614954829,67.55186911322325
10.67067067067067,56.202091266996405,54.700223690478296
10.69069069069069,59.702190935506636,47.39424782243997
10.71071071071071,45.144067433700656,50.274262175616684
10.73073073073073,62.4801561631263,51.28766929714743
10.75075075075075,61.88195561016985,55.367180051248766
10.77077077077077,53.03622741381203,52.2879235244228
10.79079079079079,63.77964308435597,57.24157033050225
10.81081081081081,58.37529479947137,54.20256785068429
10.83083083083083,59.997703228818736,45.72939209567593
10.85085085085085,46.44933732370094,42.370257408529156
10.87087087087087,48.48092695859283,45.16175394891615
10.89089089089089,41.328530537268506,32.39293429991243
10.91091091091091,47.26963626438115,41.92289144458067
10.93093093093093,31.132804745763686,33.71690365113296
10.95095095095095,31.818201336590704,29.52036542916705
10.97097097097097,41.47643360528665,34.461655864244214
10.99099099099099,41.69344790069827,39.32750003576567
11.01101101101101,47.48654348720618,43.64436745445201
11.03103103103103,38.448112460388046,36.544201329444086
11.05105105105105,36.498169566402474,26.882215274561805
11.07107107107107,34.06445607703993,29.56880011137514
11.09109109109109,31.573841841756817,34.96288879446453
11.11111111111111,36.11058833851939,34.177532342298115
11.13113113113113,34.46523399468683,28.18329036835495
11.15115115115115,30.769105828081518,26.678382139055675
11.17117117117117,39.92540775941922,22.9021507008368
11.19119119119119,34.56667137665475,27.065594801603762
11.21121121121121,34.48750267066244,32.814497441262
11.23123123123123,35.93887277675602,28.611260799496723
11.25125125125125,28.20300399217722,26.60702239605589
11.27127127127127,31.127730493301073,27.22286243997276
11.29129129129129,32.15832583442316,26.763426133725474
11.31131131131131,30.950570951355214,20.120548721610206
11.33133133133133,30.958289346433666,30.355898292001765
11.35135135135135,35.22443330689134,32.826108129548956
11.37137137137137,26.144499312322296,31.983903428423602
11.391391391391391,29.88747044734422,32.29649297266632
11.411411411411411,30.562720601910183,25.3868252003327
11.431431431431431,32.23212194413845,24.937107742719036
11.451451451451451,33.64344809655216,28.187839779712316
11.471471471471471,33.708930625850655,22.680005060243033
11.491491491491491,33.33975707180832,26.510056667515602
11.511511511511511,35.75833412113129,26.91842539475629
11.531531531531531,24.48950086508493,30.83046096746886
11.551551551551551,34.44209265402836,33.75521711400913
11.571571571571571,31.945635886732983,29.439950825736965
11.591591591591591,35.23434668077475,23.055759310015198
11.611611611611611,34.40964670389026,27.14444343477891
11.631631631631631,28.24236369931407,30.237025295811907
11.651651651651651,31.260187649141564,32.94914588743523
11.671671671671671,30.01905214444966,28.988821255418816
11.691691691691691,32.9061571750842,33.5069492357703
11.711711711711711,37.317339232775886,35.2848144788642
11.731731731731731,33.7784865771385,29.161908269024128
11.751751751751751,35.41203426763296,33.88618174637333
11.771771771771771,39.900011350313804,33.19560387717175
11.791791791791791,34.87598231772726,30.817332311361618
11.811811811811811,39.54533678393206,38.29444288494423
11.831831831831831,38.31905116169973,36.418365052350445
11.851851851851851,37.24860915999525,42.0166743767603
11.871871871871871,39.54506689777702,48.833830504269
11.891891891891891,41.169460859364094,46.765152338136424
11.911911911911911,43.55971482170455,37.00672060014343
11.931931931931931,48.46388694904171,44.67326806349387
11.951951951951951,49.19714536831096,48.379197166005305
11.971971971971971,48.848638065144186,48.768154036344214
11.991991991991991,54.34496633183023,41.024225322052956
12.012012012012011,47.21534367615534,46.62271497891934
12.032032032032031,53.138920404104205,50.46559235090146
12.052052052052051,62.10086489406518,56.215213531839716
12.072072072072071,52.33989658282703,45.95392994683907
12.092092092092091,54.69807620468071,49.56006908808915
12.112112112112111,57.722551918256464,65.85598613585215
12.132132132132131,59.418555164779136,55.29708026013121
12.152152152152151,50.823163905640186,53.80367771103898
12.172172172172171,53.95288952020189,54.65771538528327
12.192192192192191,61.008309473824355,50.8731539958279
12.212212212212211,60.92261168214978,62.051384101902734
12.232232232232231,52.091178768047584,49.12973746358912
12.252252252252251,62.59434598338618,58.32151305815547
12.272272272272271,61.67222858762997,55.9805562273635
12.292292292292291,61.54700520266794,61.60729123175508
12.312312312312311,57.714069400279605,50.393441674518115
12.332332332332332,51.594764659658075,50.227325540966284
12.352352352352352,54.96357905255895,53.59631023721155
12.372372372372372,53.17865173441713,60.84574051585887
12.392392392392392,57.90739885766615,46.34864362280736
12.412412412412412,61.132626487142545,53.05701852055982
12.432432432432432,57.76595548895534,50.10856596852854
12.452452452452452,61.415025506031746,52.50248813629503
12.472472472472472,49.592617583228595,55.64554053471856
12.492492492492492,58.86043769395812,52.302548901655186
12.512512512512512,68.55044327056804,52.99806620777848
12.532532532532532,57.78865505136404,60.495324326826086
12.552552552552552,52.88544095455591,146.6230990865915
12.572572572572572,57.041713230322536,52.62206122581974
12.592592592592592,65.44242581415726,49.67845076138893
12.612612612612612,59.24961387971568,55.5721219716659
12.632632632632632,55.03771485285698,52.87179125245072
12.652652652652652,59.55695236566201,49.293955110368344
12.672672672672672,57.88290199448251,48.17825618887785
12.692692692692692,58.2622640540439,51.67628943759127
12.712712712712712,60.68911536172858,54.80457387514213
12.732732732732732,49.36558049348121,44.16494694900608
12.752752752752752,41.72318177928829,44.785306803010116
12.772772772772772,44.48970047762422,39.134352515785245
12.792792792792792,42.18015851371933,39.66453047777539
12.812812812812812,43.72432168841007,31.20444435449027
12.832832832832834,33.74336131531682,35.981602977786075
12.852852852852854,38.217677005653215,38.20164079678537
12.872872872872874,26.10242045593275,33.030303842288816
12.892892892892894,37.45343576902174,37.264636629178916
12.912912912912914,38.30508832669015,34.74734638715209
12.932932932932934,24.14737579020361,27.721729145145623
12.952952952952954,30.541581372795882,30.169635341556003
12.972972972972974,29.977162876661026,28.995005812506463
12.992992992992994,33.884401033368086,30.223325763212692
13.013013013013014,32.54931865567133,20.876626246926822
13.033033033033034,40.51332720588524,35.16967201357848
13.053053053053054,38.32739310128914,27.20966209349036
13.073073073073074,29.211740676800606,33.96832104024422
13.093093093093094,29.936521924143303,34.82536667688971
13.113113113113114,31.395682357394527,27.95394815961762
13.133133133133134,30.319509179334986,37.668274286806934
13.153153153153154,31.518588395953717,30.38852259606656
13.173173173173174,33.20231963967781,35.0066001717034
13.193193193193194,37.2058106217196,29.119084343762633
13.213213213213214,28.03382208581634,26.690327511677214
13.233233233233234,28.770573092834894,28.1443850338567
13.253253253253254,33.459304262565055,23.082333098635544
13.273273273273274,32.75956524835549,24.45679424950102
13.293293293293294,27.158293153291226,30.026695528191265
13.313313313313314,29.050211860848364,25.808199797094847
13.333333333333334,30.969769191786206,28.87126248334728
13.353353353353354,21.081610535202223,33.41903223952878
13.373373373373374,34.63805311353409,24.574575196914136
13.393393393393394,37.53053500351718,29.73089408163293
13.413413413413414,25.759249121431072,36.584057789418054
13.433433433433434,32.561719621490916,29.519087756131217
13.453453453453454,27.44737633584284,33.718983466333235
13.473473473473474,32.79374437917225,27.814891752083522
13.493493493493494,36.20931319368305,34.95331507307842
13.513513513513514,29.822703888781973,27.43363633677461
13.533533533533534,33.66581639350064,31.609573328551868
13.553553553553554,23.619780943583695,23.878211750508584
13.573573573573574,41.50054639213127,37.18870186415396
13.593593593593594,33.22427503411899,40.717057726209944
13.613613613613614,31.380145665294542,23.52811553440518
13.633633633633634,35.48272578824442,31.448776328621523
13.653653653653654,42.80468475615322,42.569707485394254
13.673673673673674,44.07893247899825,49.27546795278061
13.693693693693694,39.40413106880934,36.82082044750961
13.713713713713714,42.694544131376254,36.22825054467681
13.733733733733734,38.86020190380868,44.131218142346725
13.753753753753754,47.88094450316877,46.35637058802577
13.773773773773774,54.24377764414574,43.760317315997455
13.793793793793794,39.2651900798293,41.889666113059114
13.813813813813814,48.96744510269481,45.33412397423252
13.833833833833834,49.39848018018181,45.49313408580526
13.853853853853854,47.69398762832597,46.16215962801822
13.873873873873874,48.50541351605422,44.10249476984428
13.893893893893894,57.214198598753725,52.99476160614782
13.913913913913914,49.6718084325433,54.65915088605037
13.933933933933934,51.42336760502704,56.22496412369137
13.953953953953954,58.17442560836374,59.38240947114413
13.973973973973974,53.02508610215886,52.75501738718133
13.993993993993994,50.15407458110803,58.70610532216989
14.014014014014014,61.06277892284009,57.57708284540592
14.034034034034034,57.688927539548686,58.53073690661358
14.054054054054054,56.3033192347558,45.64688968903744
14.074074074074074,59.28847520793131,55.089161451048945
14.094094094094094,58.17605274092517,50.5263177799767
14.114114114114114,65.23223558379824,54.392458872992954
14.134134134134134,66.519311018647,56.60462565942925
14.154154154154154,5.0,47.88759525170125
14.174174174174174,52.66791868088024,57.796882605451884
14.194194194194194,53.53224853318726,56.98709458409243
14.214214214214214,56.9055738465574,55.82241971429895
14.234234234234235,67.59625571366848,58.16811952726972
14.254254254254255,54.63245836288877,51.22442047616947
14.274274274274275,55.335048173545815,56.53514364255805
14.294294294294295,60.31655011144396,47.73219028003182
14.314314314314315,58.48614749160504,46.927519005138876
14.334334334334335,63.17048498098973,53.78815013224666
14.354354354354355,52.930036378311755,52.16423991852231
14.374374374374375,48.307993616774,54.131626456832876
14.394394394394395,54.82769627247717,51.47076575322959
14.414414414414415,58.13517269586554,54.92914442110781
14.434434434434435,63.25691143973573,51.66482384954659
14.454454454454455,60.87904181506982,55.70933596051456
14.474474474474475,54.99897059916511,50.05464152008144
14.494494494494495,63.38965916541587,54.54349711294183
14.514514514514515,54.9606924422488,57.64815764274856
14.534534534534535,58.938238885320644,57.40255312158747
14.554554554554555,64.42663058592056,50.253544554825915
14.574574574574575,60.35332456887356,42.284843918867395
14.594594594594595,56.30176833927026,44.10459861520883
14.614614614614615,48.029650526090734,38.5593972890728
14.634634634634635,40.97711534857623,39.1962066410779
14.654654654654655,54.358356617726024,34.93150905575084
14.674674674674675,43.03265775312751,48.798910837074565
14.694694694694695,40.39289960437002,35.44355000894925
14.714714714714715,43.51472152260662,30.338629244191285
14.734734734734735,37.81668007905439,33.128248614384475
14.754754754754755,36.84127346577718,31.24586312248301
14.774774774774775,41.640028456377756,23.8744357749911
14.794794794794795,36.66075196776422,34.97348116299648
14.814814814814815,39.041791194577655,34.98232555805219
14.834834834834835,30.8843509440285,30.19979851279919
14.854854854854855,30.58913989452498,38.22387644527352
14.874874874874875,33.154985691500684,30.934496551841523
14.894894894894895,31.512261742416268,36.08066057830644
14.914914914914915,34.9493252556075,23.795806845702035
14.934934934934935,30.69852482114927,33.82288983927269
14.954954954954955,37.52272936243777,32.91657891300386
14.974974974974975,31.991164982324136,18.667748385548578
14.994994994994995,33.48231903487421,29.016290184192876
15.015015015015015,30.276667840887526,32.47715500099438
15.035035035035035,29.995817294137865,23.731584014410718
15.055055055055055,37.983519429292905,26.02216675128407
15.075075075075075,39.52958886556338,31.43261834340168
15.095095095095095,34.421639634680936,30.097001826833502
15.115115115115115,34.662014788724015,31.21181140041198
15.135135135135135,32.3564272137458,23.818861530434944
15.155155155155155,30.827227276949166,29.566272552702866
15.175175175175175,31.349062405440275,17.93005641869866
15.195195195195195,34.678100241923325,22.10229135330741
15.215215215215215,29.626732508395538,31.548443295237316
15.235235235235235,35.649762757679994,29.757239594017125
15.255255255255255,38.129572544530674,26.271445657899
15.275275275275275,31.34259488154448,24.652031863690212
15.295295295295295,41.628392549211554,27.835362941583984
15.315315315315315,36.93794861461002,25.63638142757044
15.335335335335335,24.304191933686063,27.375784841161618
15.355355355355355,29.3089629588278,28.368495439823178
15.375375375375375,28.06699075103952,33.61038164640931
15.395395395395395,29.017272329956107,32.132290715817454
15.415415415415415,31.656713779003983,34.579725313911034
15.435435435435435,33.742819800437914,43.74290790443915
15.455455455455455,39.32730399062884,35.135365308247884
15.475475475475475,35.36460946367171,32.45190933540511
15.495495495495495,41.98269851128953,40.61872876804589
15.515515515515515,38.29601437622517,31.660943499459144
15.535535535535535,33.091223680027554,41.849684240644244
15.555555555555555,46.34249995285887,42.69267234824506
15.575575575575575,44.12668300439225,37.3656558084595
15.595595595595595,46.34208141522021,38.49002622650455
15.615615615615615,50.01160661767574,41.17834440886527
15.635635635635635,51.193218648059144,48.66359623999444
15.655655655655655,50.849596573632454,47.82107064112198
15.675675675675675,46.81652559663292,51.92682766442558
15.695695695695695,48.79347571425681,50.196700508138804
15.715715715715715,51.76008153899261,50.220115277217914
15.735735735735735,52.00358682530377,51.54894952285023
15.755755755755755,59.36843979845307,51.78937619010978
15.775775775775776,49.6933666071095,44.231353492644736
15.795795795795796,57.38626857186924,52.619827183912086
15.815815815815816,60.0641962806864,55.15194541332486
15.835835835835836,57.1437627886972,62.69403726286982
15.855855855855856,54.54595679891929,51.592199376078305
15.875875875875876,50.096974037851055,53.95640592642205
15.895895895895896,56.90920292424445,58.310572926243424
15.915915915915916,62.06727253282871,57.24614826994382
15.935935935935936,61.68325737553551,49.87505990023098
15.955955955955956,61.33763872528845,53.37538456039218
15.975975975975976,61.45993622189895,51.99224602033224
15.995995995995996,58.57725938292308,56.808269410328464
16.016016016016017,59.02034200002949,54.52779924098773
16.036036036036037,63.00648367275836,60.39757403962445
16.056056056056057,62.43852606066358,58.319822728375826
16.076076076076077,62.0327173748894,52.95973010786609
16.096096096096097,58.53266939116201,68.0826476381522
16.116116116116117,62.216257327675855,60.74012286037434
16.136136136136138,56.73804252909632,50.53414353493589
16.156156156156158,66.1337746105486,53.41286592040963
16.176176176176178,53.08553687241878,54.18130061860323
16.196196196196198,61.18599903790336,64.92144741168876
16.216216216216218,55.96287340222183,56.918307416533096
16.236236236236238,57.653561785015555,52.227699582702975
16.256256256256258,54.760855609433214,56.11477563582508
16.276276276276278,56.5161447016709,51.92672442420552
16.296296296296298,52.35938361340526,56.563336375742864
16.316316316316318,64.60148603605944,57.430818127098625
16.336336336336338,58.72316049677837,63.91799624515636
16.356356356356358,57.428860479223665,42.68129294048038
16.376376376376378,56.13639621359414,56.03259103756521
16.396396396396398,61.31516546367988,42.03620019681999
16.416416416416418,60.37810244568123,52.087671906904156
16.436436436436438,44.78594738415366,38.04539071453357
16.456456456456458,43.15531776239868,41.21492487645267
16.476476476476478,46.61140943210584,34.024532846254964
16.496496496496498,45.49808314828819,36.45831765312086
16.516516516516518,49.02644191034184,38.85525372389563
16.536536536536538,45.835095302815716,35.73182642081033
16.556556556556558,45.33045343853642,32.051678976123036
16.576576576576578,47.017438510109756,33.317983800802686
16.596596596596598,37.75464810126433,30.837204311324818
16.616616616616618,34.291209505250215,40.138309229596686
16.636636636636638,37.58232133991701,32.6921652989431
16.656656656656658,40.578134622031655,25.566562123976308
16.676676676676678,27.52350651342865,35.49058548184945
16.696696696696698,39.36595312937831,26.0097517631929
16.716716716716718,33.21786562953042,32.67994292885281
16.736736736736738,30.635183084653207,37.05778027222497
16.756756756756758,38.220642568267664,31.03783967031392
16.776776776776778,24.063402897442266,30.336181811180573
16.796796796796798,32.43925316036755,30.696286471603578
16.816816816816818,36.515286544397796,21.548568785611515
16.836836836836838,34.87791003274292,33.77213957215387
16.856856856856858,39.47026721296738,32.1072460261234
16.876876876876878,34.67848577138854,28.80406655473994
16.896896896896898,34.253878905156604,25.777797391585853
16.916916916916918,31.331198380156515,27.89945970116851
16.936936936936938,27.09712971357392,29.82966941046505
16.956956956956958,32.92430774822496,32.10910817415803
16.976976976976978,32.74409947913892,33.64653746734917
16.996996996996998,35.0646547695268,30.743540015708863
17.017017017017018,35.5598052444889,25.61679240403931
17.037037037037038,30.94213136986172,30.30111172757629
17.057057057057058,33.30539276214935,28.746003803152178
17.077077077077078,39.88276790632169,23.562973477354518
17.097097097097098,34.214015228818035,34.3251087637087
17.117117117117118,5.0,33.59420717473661
17.137137137137138,32.22981183272327,28.08617372094914
17.157157157157158,31.72200234186245,29.243570805304405
17.177177177177178,40.202034393663425,19.296105143409207
17.197197197197198,26.53627415561494,33.519218839386575
17.217217217217218,25.49297640003811,34.182954073504206
17.237237237237238,26.05023424686514,38.26952393529294
17.25725725725726,33.26380218082705,31.895231547128446
17.27727727727728,37.59789623624919,36.69644250809563
17.2972972972973,36.83171699827166,35.04929150319514
17.31731731731732,35.98159594470752,38.14626684353838
17.33733733733734,36.31856228392929,29.941243030848344
17.35735735735736,35.19746164859235,34.20148469973083
17.37737737737738,37.84421142685244,31.48002274213611
17.3973973973974,46.72284025045041,37.89891734130968
17.41741741741742,39.084726688813944,43.105271056332555
17.43743743743744,36.66163579748422,39.27364208138303
17.45745745745746,47.69246604671543,46.47495651480067
17.47747747747748,55.019827790598505,54.81595689927881
17.4974974974975,51.68676189372793,46.572974458847135
17.51751751751752,50.8288051782195,45.35190268799598
17.53753753753754,56.522710746696035,45.014811288877375
17.55755755755756,57.99829740254395,52.24398516824279
17.57757757757758,55.3576526897323,48.30599115598173
17.5975975975976,49.450063572738955,56.019285504700655
17.61761761761762,58.14051891962775,49.26849698212565
17.63763763763764,63.07907180279596,48.029750533969036
17.65765765765766,57.43389915451043,49.81816514600469
17.67767767767768,51.757794808164476,54.907341830590084
17.6976976976977,61.93273739596614,54.92347478640659
17.71771771771772,60.959050734517476,47.24622139071584
17.73773773773774,53.67054812079414,50.84561046037348
17.75775775775776,54.05030708686469,58.887751710166015
17.77777777777778,64.50582795675463,56.80381548429114
17.7977977977978,63.93413226405529,53.48528335369579
17.81781781781782,62.21977948875727,55.2308918255316
17.83783783783784,53.9427698641738,55.68813485496676
17.85785785785786,54.52741671748927,53.48522685066071
17.87787787787788,57.04173206132603,55.43525327557241
17.8978978978979,51.079027269660486,57.36069051758521
17.91791791791792,54.62621768549929,57.43987564139901
17.93793793793794,54.81778708195287,60.910796941485565
17.95795795795796,63.21338216019322,62.464962765664204
17.97797797797798,60.329371910690256,54.97951864125206
17.997997997998,63.881420520413926,55.35282166746288
18.01801801801802,65.1655071716635,54.61618674458663
18.03803803803804,62.66534444845719,44.647704888257586
18.05805805805806,57.72747580295568,48.828003058889024
18.07807807807808,56.82898506795449,59.720919575063164
18.0980980980981,67.35229279606246,55.33624666240766
18.11811811811812,57.336763467326364,50.795549181492675
18.13813813813814,61.82940594391377,55.66910022285221
18.15815815815816,61.060467390403375,53.65018920438039
18.17817817817818,65.63391840136228,50.165778054849284
18.1981981981982,68.69827771959982,58.6671568061321
18.21821821821822,59.302372246323415,49.9625658779215
18.23823823823824,64.85799980757034,52.304600209275215
18.25825825825826,45.911677500236195,43.53412147248903
18.27827827827828,56.284927182665854,45.846271311117526
18.2982982982983,45.79438304850619,38.17510024714326
18.31831831831832,40.362884330536595,47.219803850587354
18.33833833833834,52.55305040904106,32.64159644635851
18.35835835835836,41.66101117347996,28.444938481976845
18.37837837837838,46.08705214083889,36.459478859847856
18.3983983983984,30.102312891761077,37.42917781352919
18.41841841841842,37.05863809907069,35.55377327148887
18.43843843843844,41.485280023006965,34.1227045835383
18.45845845845846,42.0974701374964,39.86418789849819
18.47847847847848,38.37006688252438,34.51467175421332
18.4984984984985,39.079262005819565,33.981710928246116
18.51851851851852,30.7075968326213,32.62967552469058
18.53853853853854,39.175464857819236,26.0935422567498
18.55855855855856,32.10334443194324,24.53760671976923
18.57857857857858,35.20142439890622,30.04717817650289
18.5985985985986,37.38049167700021,29.916816344749403
18.61861861861862,34.9524033432436,30.47375094661659
18.63863863863864,30.88175684616599,26.456322032589362
18.65865865865866,33.578954868582095,32.120024504137206
18.67867867867868,30.897842314253513,25.937604916311138
18.6986986986987,42.41927555899558,22.8956433114458
18.71871871871872,30.946330413609893,39.91838650154706
18.73873873873874,36.37175857490542,32.0345592927704
18.75875875875876,34.20757206043356,29.40559767239995
18.77877877877878,36.93676492049716,27.851140662993807
18.7987987987988,27.9046222767274,31.80326074941727
18.81881881881882,37.682165172626604,32.69442259977763
18.83883883883884,33.85992821748697,33.17420865008251
18.85885885885886,35.85156944446685,30.224301418347586
18.87887887887888,37.53504245342245,34.916684620190715
18.8988988988989,31.956368098351735,19.425348682313235
18.91891891891892,35.49790580727155,26.00962460559412
18.93893893893894,43.38119711621883,35.21208416783353
18.95895895895896,25.34493478385607,20.23776121352017
18.97897897897898,36.99670858505808,31.604212051483394
18.998998998999,30.13859955959346,27.393352332852565
19.01901901901902,39.846157568895734,29.05377701120039
19.03903903903904,42.37899190537013,27.94071352262042
19.05905905905906,35.15825325751164,31.844078965351805
19.07907907907908,40.91343685859995,42.86768738135716
19.0990990990991,40.94478626974917,31.126238235331222
19.11911911911912,39.68995071512168,34.21077351278816
19.13913913913914,35.6329084636364,41.73969716928994
19.15915915915916,37.88020353905462,38.38735730834177
19.17917917917918,33.51511421622607,36.808402898912284
19.1991991991992,35.68986333291113,39.63853431366424
19.21921921921922,45.669241364152356,38.08986760621237
19.23923923923924,46.60071774106453,40.39284226625865
19.25925925925926,41.73620219709536,43.18459514959256
19.27927927927928,45.383965020659545,40.49479378922341
19.2992992992993,50.15948628351405,43.38160902666317
19.31931931931932,48.11837398470277,51.02857165417329
19.33933933933934,44.03619416564138,52.287648014264114
19.35935935935936,48.285993325653585,59.50989671602384
19.37937937937938,48.28994645298759,52.32712662603727
19.3993993993994,57.747785476003976,43.763081156349415
19.41941941941942,48.48789862021417,48.017361404009755
19.43943943943944,62.383164254355705,48.481833677781815
19.45945945945946,44.804698384784004,60.21581311569814
19.47947947947948,59.66798797515767,55.68444419463399
19.4994994994995,59.889405469123965,48.63398201273886
19.51951951951952,62.340176739561116,38.83719377236436
19.53953953953954,62.57385492978987,60.34506011727807
19.55955955955956,57.77669285742774,57.469981145698654
19.57957957957958,57.41175727921392,51.239933914809875
19.5995995995996,58.687962989830616,49.960117885707874
19.61961961961962,62.528670761896485,53.94257922671176
19.63963963963964,62.30162765980683,53.54205387911301
19.65965965965966,67.58837775434826,55.168813700287856
19.67967967967968,57.93513780975546,49.08109067098904
19.6996996996997,58.41465521188793,67.33322757411104
19.71971971971972,55.091494148217535,61.63275731966973
19.73973973973974,62.18024552752461,64.05927918623384
19.75975975975976,57.384260944987176,58.63471746898765
19.77977977977978,56.46778166015352,57.744171482350524
19.7997997997998,61.676316965662835,56.573054330021904
19.81981981981982,69.00719015585132,51.56166266745593
19.83983983983984,57.416568772589166,60.08942535945744
19.85985985985986,60.219932556072955,55.95207626628675
19.87987987987988,59.13072223409321,52.29771202830142
19.8998998998999,65.0915667884127,60.49438728545417
19.91991991991992,61.67141064157333,49.58428646657133
19.93993993993994,58.73753347910327,55.425675657927115
19.95995995995996,65.36960118342719,55.2415465321065
19.97997997997998,58.128365220591135,54.00487909430466
20.0,67.84376677401089,51.63235037682657
